# Radius 	finiterdf__LJ_LJ	rdf__LJ_LJ	
0.00454581 0	0	
0.0136374 0	0	
0.0227291 0	0	
0.0318207 0	0	
0.0409123 0	0	
0.0500039 0	0	
0.0590955 0	0	
0.0681872 0	0	
0.0772788 0	0	
0.0863704 0	0	
0.095462 0	0	
0.104554 0	0	
0.113645 0	0	
0.122737 0	0	
0.131829 0	0	
0.14092 0	0	
0.150012 0	0	
0.159103 0	0	
0.168195 0	0	
0.177287 0	0	
0.186378 0	0	
0.19547 0	0	
0.204562 0	0	
0.213653 0	0	
0.222745 0	0	
0.231836 0	0	
0.240928 0	0	
0.25002 0	0	
0.259111 0	0	
0.268203 0	0	
0.277294 0	0	
0.286386 0	0	
0.295478 0	0	
0.304569 0	0	
0.313661 0	0	
0.322753 0	0	
0.331844 0	0	
0.340936 0	0	
0.350027 0	0	
0.359119 0	0	
0.368211 0	0	
0.377302 0	0	
0.386394 0	0	
0.395486 0	0	
0.404577 0	0	
0.413669 0	0	
0.42276 0	0	
0.431852 0	0	
0.440944 0	0	
0.450035 0	0	
0.459127 0	0	
0.468219 0	0	
0.47731 0	0	
0.486402 0	0	
0.495493 0	0	
0.504585 0	0	
0.513677 0	0	
0.522768 0	0	
0.53186 0	0	
0.540952 0	0	
0.550043 0	0	
0.559135 0	0	
0.568226 0	0	
0.577318 0	0	
0.58641 0	0	
0.595501 0	0	
0.604593 0	0	
0.613685 0	0	
0.622776 0	0	
0.631868 0	0	
0.640959 0	0	
0.650051 0	0	
0.659143 0	0	
0.668234 0	0	
0.677326 0	0	
0.686418 0	0	
0.695509 0	0	
0.704601 0	0	
0.713692 0	0	
0.722784 0	0	
0.731876 0	0	
0.740967 0	0	
0.750059 0	0	
0.75915 0	0	
0.768242 0	0	
0.777334 0	0	
0.786425 0	0	
0.795517 0	0	
0.804609 0	0	
0.8137 0	0	
0.822792 0	0	
0.831883 0	0	
0.840975 0	0	
0.850067 0	0	
0.859158 0	0	
0.86825 0	0	
0.877342 0	0	
0.886433 0	0	
0.895525 0	0	
0.904616 0	0	
0.913708 0	0	
0.9228 0	0	
0.931891 0	0	
0.940983 0	0	
0.950075 0	0	
0.959166 0	0	
0.968258 0	0	
0.977349 0	0	
0.986441 0	0	
0.995533 0	0	
1.00462 0	0	
1.01372 0	0	
1.02281 0	0	
1.0319 0	0	
1.04099 0	0	
1.05008 0	0	
1.05917 0	0	
1.06827 0	0	
1.07736 0	0	
1.08645 0	0	
1.09554 0	0	
1.10463 0	0	
1.11372 0	0	
1.12282 0	0	
1.13191 0	0	
1.141 0	0	
1.15009 0	0	
1.15918 0	0	
1.16827 0	0	
1.17737 0	0	
1.18646 0	0	
1.19555 0	0	
1.20464 0	0	
1.21373 0	0	
1.22282 0	0	
1.23191 0	0	
1.24101 0	0	
1.2501 0	0	
1.25919 0	0	
1.26828 0	0	
1.27737 0	0	
1.28646 0	0	
1.29556 0	0	
1.30465 0	0	
1.31374 0	0	
1.32283 0	0	
1.33192 0	0	
1.34101 0	0	
1.35011 0	0	
1.3592 0	0	
1.36829 0	0	
1.37738 0	0	
1.38647 0	0	
1.39556 0	0	
1.40466 0	0	
1.41375 0	0	
1.42284 0	0	
1.43193 0	0	
1.44102 0	0	
1.45011 0	0	
1.45921 0	0	
1.4683 0	0	
1.47739 0	0	
1.48648 0	0	
1.49557 0	0	
1.50466 0	0	
1.51376 0	0	
1.52285 0	0	
1.53194 0	0	
1.54103 0	0	
1.55012 0	0	
1.55921 0	0	
1.5683 0	0	
1.5774 0	0	
1.58649 0	0	
1.59558 0	0	
1.60467 0	0	
1.61376 0	0	
1.62285 0	0	
1.63195 0	0	
1.64104 0	0	
1.65013 0	0	
1.65922 0	0	
1.66831 0	0	
1.6774 0	0	
1.6865 0	0	
1.69559 0	0	
1.70468 0	0	
1.71377 0	0	
1.72286 0	0	
1.73195 0	0	
1.74105 0	0	
1.75014 0	0	
1.75923 0	0	
1.76832 0	0	
1.77741 0	0	
1.7865 0	0	
1.7956 0	0	
1.80469 0	0	
1.81378 0	0	
1.82287 0	0	
1.83196 0	0	
1.84105 0	0	
1.85015 0	0	
1.85924 0	0	
1.86833 0	0	
1.87742 0	0	
1.88651 0	0	
1.8956 0	0	
1.90469 0	0	
1.91379 0	0	
1.92288 0	0	
1.93197 0	0	
1.94106 0	0	
1.95015 0	0	
1.95924 0	0	
1.96834 0	0	
1.97743 0	0	
1.98652 0	0	
1.99561 0	0	
2.0047 0	0	
2.01379 0	0	
2.02289 0	0	
2.03198 0	0	
2.04107 0	0	
2.05016 0	0	
2.05925 0	0	
2.06834 0	0	
2.07744 0	0	
2.08653 0	0	
2.09562 0	0	
2.10471 0	0	
2.1138 0	0	
2.12289 0	0	
2.13199 0	0	
2.14108 0	0	
2.15017 0	0	
2.15926 0	0	
2.16835 0	0	
2.17744 0	0	
2.18654 0	0	
2.19563 0	0	
2.20472 0	0	
2.21381 0	0	
2.2229 0	0	
2.23199 0	0	
2.24108 0	0	
2.25018 0	0	
2.25927 0	0	
2.26836 0	0	
2.27745 0	0	
2.28654 0	0	
2.29563 0	0	
2.30473 0	0	
2.31382 0	0	
2.32291 0	0	
2.332 0	0	
2.34109 0	0	
2.35018 0	0	
2.35928 0	0	
2.36837 0	0	
2.37746 0	0	
2.38655 0	0	
2.39564 0	0	
2.40473 0	0	
2.41383 0	0	
2.42292 0	0	
2.43201 0	0	
2.4411 0	0	
2.45019 0	0	
2.45928 0	0	
2.46838 0	0	
2.47747 0	0	
2.48656 0	0	
2.49565 0	0	
2.50474 0	0	
2.51383 0	0	
2.52293 0	0	
2.53202 0	0	
2.54111 0	0	
2.5502 0	0	
2.55929 0.00017319	0.000172809	
2.56838 0.000343933	0.00034316	
2.57748 0.000683022	0.000681456	
2.58657 0.000678229	0.000676644	
2.59566 0.000336743	0.000335941	
2.60475 0.00117039	0.00116755	
2.61384 0.00265659	0.00265002	
2.62293 0.00296798	0.00296051	
2.63202 0.00409377	0.00408327	
2.64112 0.00731814	0.00729902	
2.65021 0.00759104	0.00757085	
2.6593 0.0131535	0.0131179	
2.66839 0.0162504	0.0162057	
2.67748 0.0238939	0.023827	
2.68657 0.0304907	0.0304039	
2.69567 0.0332515	0.0331552	
2.70476 0.0424871	0.0423621	
2.71385 0.0589917	0.0588153	
2.72294 0.0752752	0.0750468	
2.73203 0.0825262	0.0822718	
2.74112 0.103569	0.103245	
2.75022 0.133781	0.133357	
2.75931 0.165083	0.164553	
2.7684 0.183687	0.183089	
2.77749 0.222483	0.22175	
2.78658 0.252881	0.252038	
2.79567 0.298846	0.297838	
2.80477 0.333827	0.332689	
2.81386 0.381102	0.379791	
2.82295 0.427762	0.426277	
2.83204 0.473957	0.472298	
2.84113 0.533326	0.531445	
2.85022 0.594581	0.592472	
2.85932 0.6427	0.640407	
2.86841 0.715014	0.712452	
2.8775 0.790787	0.787944	
2.88659 0.87594	0.872784	
2.89568 0.924158	0.920824	
2.90477 1.01007	1.00643	
2.91387 1.04733	1.04356	
2.92296 1.13736	1.13327	
2.93205 1.21463	1.21028	
2.94114 1.29461	1.28999	
2.95023 1.35519	1.35039	
2.95932 1.41903	1.41403	
2.96841 1.49918	1.49394	
2.97751 1.52791	1.52262	
2.9866 1.58221	1.57679	
2.99569 1.68133	1.67564	
3.00478 1.72596	1.72019	
3.01387 1.8046	1.79866	
3.02296 1.86874	1.86269	
3.03206 1.8984	1.89235	
3.04115 1.95661	1.95049	
3.05024 2.03263	2.0264	
3.05933 2.0528	2.04665	
3.06842 2.07825	2.07216	
3.07751 2.12539	2.11932	
3.08661 2.1779	2.17185	
3.0957 2.20916	2.20319	
3.10479 2.26909	2.26314	
3.11388 2.25633	2.2506	
3.12297 2.28182	2.27622	
3.13206 2.28872	2.28329	
3.14116 2.33378	2.32845	
3.15025 2.35073	2.34558	
3.15934 2.37166	2.36668	
3.16843 2.38779	2.383	
3.17752 2.38043	2.37588	
3.18661 2.36944	2.36513	
3.19571 2.40007	2.39594	
3.2048 2.41541	2.41149	
3.21389 2.40352	2.39986	
3.22298 2.3985	2.39508	
3.23207 2.40447	2.40127	
3.24116 2.40773	2.40478	
3.25026 2.35799	2.35532	
3.25935 2.35393	2.35149	
3.26844 2.36708	2.36486	
3.27753 2.32535	2.3234	
3.28662 2.32615	2.32443	
3.29571 2.34122	2.33971	
3.3048 2.33282	2.33155	
3.3139 2.28688	2.28585	
3.32299 2.26216	2.26136	
3.33208 2.28028	2.27969	
3.34117 2.25427	2.2539	
3.35026 2.21204	2.21188	
3.35935 2.21486	2.2149	
3.36845 2.17302	2.17326	
3.37754 2.16034	2.16078	
3.38663 2.12394	2.12455	
3.39572 2.11878	2.11957	
3.40481 2.11961	2.12059	
3.4139 2.07631	2.07745	
3.423 2.05968	2.06099	
3.43209 2.01912	2.02057	
3.44118 2.01623	2.01784	
3.45027 2.00981	2.01158	
3.45936 2.0003	2.00222	
3.46845 1.93136	1.93337	
3.47755 1.92006	1.9222	
3.48664 1.91678	1.91906	
3.49573 1.87804	1.88041	
3.50482 1.86259	1.86507	
3.51391 1.81336	1.81591	
3.523 1.83308	1.83578	
3.5321 1.79238	1.79514	
3.54119 1.77278	1.77563	
3.55028 1.73384	1.73673	
3.55937 1.71917	1.72215	
3.56846 1.71594	1.71902	
3.57755 1.66939	1.67248	
3.58665 1.6627	1.66588	
3.59574 1.62886	1.63206	
3.60483 1.62432	1.6276	
3.61392 1.60191	1.60524	
3.62301 1.58999	1.59338	
3.6321 1.54515	1.54852	
3.64119 1.5454	1.54885	
3.65029 1.52826	1.53174	
3.65938 1.51102	1.51453	
3.66847 1.4705	1.47398	
3.67756 1.47498	1.47854	
3.68665 1.4612	1.46479	
3.69574 1.44962	1.45324	
3.70484 1.42615	1.42977	
3.71393 1.42436	1.42803	
3.72302 1.38255	1.38616	
3.73211 1.3645	1.36811	
3.7412 1.33518	1.33876	
3.75029 1.3492	1.35287	
3.75939 1.30424	1.30782	
3.76848 1.29747	1.30107	
3.77757 1.30133	1.30498	
3.78666 1.26368	1.26726	
3.79575 1.25228	1.25586	
3.80484 1.23196	1.23551	
3.81394 1.23421	1.23779	
3.82303 1.23843	1.24206	
3.83212 1.20267	1.20621	
3.84121 1.18776	1.19128	
3.8503 1.16677	1.17026	
3.85939 1.16486	1.16836	
3.86849 1.14651	1.14997	
3.87758 1.14242	1.14588	
3.88667 1.11778	1.12119	
3.89576 1.10607	1.10945	
3.90485 1.10874	1.11214	
3.91394 1.09278	1.09614	
3.92304 1.08256	1.0859	
3.93213 1.07595	1.07928	
3.94122 1.05463	1.0579	
3.95031 1.06556	1.06887	
3.9594 1.03245	1.03566	
3.96849 1.0144	1.01755	
3.97758 1.01356	1.01672	
3.98668 1.01894	1.02212	
3.99577 0.995906	0.999011	
4.00486 0.990187	0.993273	
4.01395 0.971695	0.974721	
4.02304 0.983709	0.986771	
4.03213 0.950531	0.953485	
4.04123 0.949802	0.952748	
4.05032 0.928532	0.931405	
4.05941 0.944754	0.947672	
4.0685 0.928269	0.931129	
4.07759 0.907419	0.910205	
4.08668 0.904065	0.906831	
4.09578 0.908441	0.911211	
4.10487 0.89237	0.895081	
4.11396 0.884275	0.886949	
4.12305 0.89179	0.894477	
4.13214 0.893318	0.895998	
4.14123 0.874385	0.876996	
4.15033 0.860943	0.8635	
4.15942 0.852004	0.854519	
4.16851 0.84914	0.851632	
4.1776 0.853573	0.856063	
4.18669 0.834208	0.836626	
4.19578 0.832788	0.835184	
4.20488 0.82393	0.826283	
4.21397 0.830983	0.833339	
4.22306 0.801966	0.804221	
4.23215 0.824681	0.826982	
4.24124 0.811059	0.813304	
4.25033 0.8118	0.814028	
4.25943 0.789018	0.791163	
4.26852 0.791326	0.793457	
4.27761 0.792615	0.794729	
4.2867 0.786664	0.788741	
4.29579 0.781555	0.783597	
4.30488 0.776298	0.778305	
4.31397 0.7609	0.762843	
4.32307 0.778826	0.780793	
4.33216 0.772961	0.774892	
4.34125 0.753656	0.755514	
4.35034 0.751888	0.753718	
4.35943 0.74583	0.747621	
4.36852 0.745582	0.747347	
4.37762 0.75119	0.752944	
4.38671 0.745014	0.746729	
4.3958 0.730547	0.732202	
4.40489 0.727183	0.728805	
4.41398 0.738398	0.740018	
4.42307 0.728291	0.729863	
4.43217 0.716702	0.718221	
4.44126 0.720327	0.721827	
4.45035 0.724833	0.726315	
4.45944 0.713495	0.714926	
4.46853 0.721843	0.723264	
4.47762 0.717953	0.719338	
4.48672 0.718991	0.72035	
4.49581 0.714851	0.716174	
4.5049 0.710236	0.711522	
4.51399 0.705707	0.706956	
4.52308 0.701487	0.702699	
4.53217 0.701713	0.702896	
4.54127 0.717223	0.718403	
4.55036 0.689487	0.690591	
4.55945 0.692142	0.69322	
4.56854 0.691727	0.692774	
4.57763 0.695587	0.696609	
4.58672 0.689381	0.690363	
4.59582 0.690738	0.691691	
4.60491 0.698124	0.699057	
4.614 0.691326	0.692218	
4.62309 0.695138	0.696004	
4.63218 0.690931	0.691761	
4.64127 0.692861	0.693662	
4.65036 0.678457	0.679208	
4.65946 0.684225	0.68495	
4.66855 0.686247	0.686942	
4.67764 0.689544	0.69021	
4.68673 0.690073	0.690707	
4.69582 0.679275	0.679867	
4.70491 0.6971	0.697674	
4.71401 0.679099	0.679625	
4.7231 0.687725	0.688225	
4.73219 0.684984	0.685449	
4.74128 0.678928	0.679355	
4.75037 0.689151	0.689551	
4.75946 0.672498	0.672854	
4.76856 0.686699	0.687028	
4.77765 0.690399	0.690697	
4.78674 0.68872	0.688983	
4.79583 0.691832	0.692063	
4.80492 0.68504	0.685234	
4.81401 0.690777	0.690938	
4.82311 0.695002	0.69513	
4.8322 0.672033	0.672122	
4.84129 0.700149	0.700207	
4.85038 0.686195	0.686217	
4.85947 0.701596	0.701584	
4.86856 0.691416	0.69137	
4.87766 0.687411	0.687329	
4.88675 0.699249	0.699131	
4.89584 0.691354	0.691202	
4.90493 0.711803	0.711613	
4.91402 0.708091	0.707867	
4.92311 0.702483	0.702226	
4.93221 0.708196	0.707902	
4.9413 0.720227	0.719894	
4.95039 0.708095	0.707732	
4.95948 0.717031	0.716629	
4.96857 0.722359	0.72192	
4.97766 0.705805	0.705339	
4.98676 0.731562	0.731046	
4.99585 0.711903	0.711365	
5.00494 0.719281	0.718703	
5.01403 0.731521	0.730898	
5.02312 0.724199	0.723548	
5.03221 0.729111	0.72842	
5.0413 0.74215	0.741414	
5.0504 0.734944	0.73418	
5.05949 0.747151	0.746341	
5.06858 0.747387	0.746543	
5.07767 0.741061	0.74019	
5.08676 0.754066	0.753146	
5.09585 0.756183	0.755227	
5.10495 0.760718	0.759723	
5.11404 0.754328	0.753308	
5.12313 0.765311	0.764243	
5.13222 0.768761	0.767655	
5.14131 0.773598	0.772453	
5.1504 0.777113	0.775931	
5.1595 0.775058	0.773847	
5.16859 0.78503	0.783772	
5.17768 0.795097	0.793792	
5.18677 0.805806	0.804454	
5.19586 0.789752	0.788396	
5.20495 0.802405	0.800997	
5.21405 0.819221	0.817755	
5.22314 0.806683	0.805209	
5.23223 0.813536	0.812022	
5.24132 0.807785	0.806251	
5.25041 0.820092	0.818506	
5.2595 0.82095	0.819334	
5.2686 0.826252	0.824597	
5.27769 0.822104	0.820429	
5.28678 0.832754	0.83103	
5.29587 0.851455	0.849668	
5.30496 0.850555	0.848744	
5.31405 0.844112	0.842289	
5.32315 0.83979	0.837949	
5.33224 0.855082	0.853183	
5.34133 0.862193	0.860254	
5.35042 0.866676	0.864703	
5.35951 0.884432	0.882398	
5.3686 0.882069	0.880019	
5.37769 0.887797	0.885714	
5.38679 0.887031	0.884929	
5.39588 0.897097	0.894951	
5.40497 0.90507	0.902888	
5.41406 0.904858	0.902659	
5.42315 0.902521	0.900309	
5.43224 0.915418	0.913157	
5.44134 0.919564	0.917278	
5.45043 0.922036	0.919728	
5.45952 0.926008	0.923676	
5.46861 0.934653	0.932286	
5.4777 0.941534	0.939137	
5.48679 0.945048	0.942631	
5.49589 0.955107	0.952654	
5.50498 0.950682	0.94823	
5.51407 0.948818	0.94636	
5.52316 0.949378	0.946908	
5.53225 0.965534	0.963015	
5.54134 0.965435	0.962908	
5.55044 0.968792	0.966249	
5.55953 0.968415	0.965866	
5.56862 0.992473	0.989858	
5.57771 0.995183	0.99256	
5.5868 0.98784	0.985233	
5.59589 0.997385	0.994751	
5.60499 1.00401	1.00136	
5.61408 1.004	1.00135	
5.62317 1.00746	1.00481	
5.63226 1.02288	1.02019	
5.64135 1.0177	1.01502	
5.65044 1.02537	1.02268	
5.65954 1.03029	1.02759	
5.66863 1.03868	1.03596	
5.67772 1.03581	1.03311	
5.68681 1.05151	1.04879	
5.6959 1.04872	1.04601	
5.70499 1.05852	1.0558	
5.71408 1.05692	1.05422	
5.72318 1.05984	1.05714	
5.73227 1.07502	1.0723	
5.74136 1.07265	1.06995	
5.75045 1.07667	1.07398	
5.75954 1.08545	1.08276	
5.76863 1.08793	1.08525	
5.77773 1.09021	1.08756	
5.78682 1.10295	1.10029	
5.79591 1.10425	1.10162	
5.805 1.09528	1.09269	
5.81409 1.11195	1.10935	
5.82318 1.10842	1.10585	
5.83228 1.12281	1.12024	
5.84137 1.10977	1.10727	
5.85046 1.12843	1.12592	
5.85955 1.11852	1.11606	
5.86864 1.12972	1.12727	
5.87773 1.13447	1.13204	
5.88683 1.13018	1.1278	
5.89592 1.15176	1.14938	
5.90501 1.14825	1.14591	
5.9141 1.14239	1.1401	
5.92319 1.13875	1.13652	
5.93228 1.15051	1.14829	
5.94138 1.15001	1.14784	
5.95047 1.15986	1.15771	
5.95956 1.16917	1.16705	
5.96865 1.16742	1.16536	
5.97774 1.15181	1.14982	
5.98683 1.17088	1.16891	
5.99593 1.17238	1.17045	
6.00502 1.17443	1.17255	
6.01411 1.18732	1.18548	
6.0232 1.17939	1.17762	
6.03229 1.17568	1.17397	
6.04138 1.18828	1.1866	
6.05047 1.18387	1.18226	
6.05957 1.19077	1.1892	
6.06866 1.17756	1.17606	
6.07775 1.18291	1.18147	
6.08684 1.19696	1.19556	
6.09593 1.19577	1.19443	
6.10502 1.18944	1.18817	
6.11412 1.18579	1.18458	
6.12321 1.18992	1.18877	
6.1323 1.19988	1.19878	
6.14139 1.20433	1.20329	
6.15048 1.20437	1.2034	
6.15957 1.19983	1.19893	
6.16867 1.19421	1.19337	
6.17776 1.20289	1.20211	
6.18685 1.20611	1.2054	
6.19594 1.19823	1.19759	
6.20503 1.19902	1.19844	
6.21412 1.20944	1.20893	
6.22322 1.20067	1.20022	
6.23231 1.20166	1.20129	
6.2414 1.20285	1.20255	
6.25049 1.19918	1.19894	
6.25958 1.20115	1.20097	
6.26867 1.20298	1.20287	
6.27777 1.19132	1.19128	
6.28686 1.19706	1.19709	
6.29595 1.19398	1.19407	
6.30504 1.20215	1.20231	
6.31413 1.19812	1.19835	
6.32322 1.19916	1.19946	
6.33232 1.19168	1.19204	
6.34141 1.18253	1.18296	
6.3505 1.18931	1.18979	
6.35959 1.18577	1.18632	
6.36868 1.18006	1.18067	
6.37777 1.18384	1.18452	
6.38686 1.17836	1.17909	
6.39596 1.183	1.1838	
6.40505 1.17071	1.17156	
6.41414 1.18934	1.19028	
6.42323 1.17204	1.17302	
6.43232 1.1732	1.17424	
6.44141 1.16209	1.16318	
6.45051 1.17049	1.17165	
6.4596 1.16494	1.16615	
6.46869 1.16332	1.16459	
6.47778 1.16084	1.16216	
6.48687 1.15794	1.15931	
6.49596 1.14801	1.14942	
6.50506 1.14869	1.15016	
6.51415 1.14075	1.14226	
6.52324 1.13376	1.13531	
6.53233 1.14629	1.14791	
6.54142 1.1504	1.15207	
6.55051 1.12746	1.12915	
6.55961 1.13952	1.14128	
6.5687 1.13671	1.13851	
6.57779 1.13845	1.1403	
6.58688 1.1271	1.12898	
6.59597 1.12754	1.12946	
6.60506 1.12197	1.12393	
6.61416 1.12454	1.12655	
6.62325 1.11716	1.1192	
6.63234 1.11263	1.1147	
6.64143 1.10624	1.10834	
6.65052 1.10443	1.10656	
6.65961 1.09834	1.1005	
6.66871 1.09675	1.09894	
6.6778 1.10583	1.10807	
6.68689 1.09902	1.10128	
6.69598 1.0911	1.09338	
6.70507 1.08418	1.08648	
6.71416 1.08296	1.08529	
6.72325 1.07998	1.08233	
6.73235 1.06918	1.07153	
6.74144 1.07968	1.08208	
6.75053 1.0644	1.06679	
6.75962 1.06109	1.0635	
6.76871 1.05609	1.05851	
6.7778 1.0537	1.05614	
6.7869 1.06738	1.06987	
6.79599 1.06026	1.06275	
6.80508 1.04491	1.04738	
6.81417 1.05072	1.05323	
6.82326 1.04851	1.05103	
6.83235 1.03969	1.04221	
6.84145 1.04224	1.04477	
6.85054 1.03848	1.04102	
6.85963 1.03588	1.03842	
6.86872 1.02407	1.0266	
6.87781 1.02431	1.02685	
6.8869 1.023	1.02554	
6.896 1.0198	1.02235	
6.90509 1.0171	1.01964	
6.91418 1.01492	1.01747	
6.92327 1.0062	1.00873	
6.93236 1.01185	1.01439	
6.94145 1.00913	1.01167	
6.95055 1.00203	1.00455	
6.95964 0.987934	0.990423	
6.96873 0.992226	0.994724	
6.97782 1.00898	1.01152	
6.98691 1.00166	1.00419	
6.996 0.992663	0.995166	
7.0051 0.996353	0.998864	
7.01419 0.991419	0.993916	
7.02328 0.978689	0.981148	
7.03237 0.976	0.978444	
7.04146 0.984715	0.987176	
7.05055 0.974852	0.97728	
7.05964 0.97694	0.979366	
7.06874 0.969752	0.97215	
7.07783 0.968281	0.970665	
7.08692 0.97149	0.973873	
7.09601 0.97094	0.973312	
7.1051 0.96239	0.964728	
7.11419 0.956659	0.958968	
7.12329 0.954889	0.957179	
7.13238 0.955199	0.957475	
7.14147 0.952213	0.954464	
7.15056 0.950015	0.952244	
7.15965 0.940699	0.942886	
7.16874 0.946614	0.948797	
7.17784 0.942786	0.94494	
7.18693 0.942401	0.944534	
7.19602 0.939057	0.941162	
7.20511 0.935618	0.937693	
7.2142 0.937032	0.939088	
7.22329 0.943611	0.945661	
7.23239 0.929356	0.93135	
7.24148 0.920382	0.922329	
7.25057 0.929469	0.93141	
7.25966 0.935752	0.937684	
7.26875 0.924395	0.926276	
7.27784 0.927977	0.92984	
7.28694 0.921796	0.923618	
7.29603 0.925616	0.92742	
7.30512 0.919211	0.920973	
7.31421 0.918687	0.920419	
7.3233 0.92288	0.924592	
7.33239 0.918715	0.92039	
7.34149 0.90758	0.909202	
7.35058 0.92125	0.922868	
7.35967 0.914347	0.915922	
7.36876 0.908938	0.91047	
7.37785 0.913681	0.915189	
7.38694 0.91663	0.918113	
7.39603 0.907763	0.909197	
7.40513 0.919974	0.921399	
7.41422 0.911632	0.913011	
7.42331 0.907074	0.908412	
7.4324 0.903439	0.904736	
7.44149 0.911947	0.913223	
7.45058 0.899995	0.901218	
7.45968 0.897599	0.898781	
7.46877 0.903855	0.905009	
7.47786 0.898737	0.899846	
7.48695 0.909265	0.910353	
7.49604 0.911986	0.913044	
7.50513 0.900091	0.901098	
7.51423 0.905328	0.906304	
7.52332 0.898311	0.899241	
7.53241 0.903701	0.904601	
7.5415 0.899768	0.900626	
7.55059 0.904607	0.905432	
7.55968 0.905906	0.906696	
7.56878 0.902068	0.902816	
7.57787 0.907945	0.908662	
7.58696 0.894753	0.89542	
7.59605 0.900949	0.901582	
7.60514 0.897325	0.897915	
7.61423 0.892444	0.89299	
7.62333 0.906264	0.906781	
7.63242 0.892092	0.892558	
7.64151 0.903064	0.903498	
7.6506 0.896074	0.896463	
7.65969 0.898588	0.898938	
7.66878 0.89289	0.893196	
7.67788 0.899802	0.90007	
7.68697 0.90641	0.906642	
7.69606 0.90222	0.902412	
7.70515 0.900188	0.900339	
7.71424 0.902318	0.90243	
7.72333 0.91075	0.910826	
7.73243 0.912328	0.912368	
7.74152 0.897978	0.897975	
7.75061 0.900404	0.900361	
7.7597 0.904268	0.904185	
7.76879 0.913975	0.913855	
7.77788 0.906514	0.906356	
7.78697 0.910217	0.91002	
7.79607 0.899566	0.899329	
7.80516 0.917954	0.917678	
7.81425 0.91424	0.913929	
7.82334 0.909911	0.909563	
7.83243 0.915085	0.914699	
7.84152 0.913906	0.913482	
7.85062 0.919226	0.918765	
7.85971 0.909829	0.909334	
7.8688 0.913865	0.91333	
7.87789 0.912543	0.911971	
7.88698 0.913887	0.913277	
7.89607 0.919189	0.918539	
7.90517 0.920743	0.920057	
7.91426 0.91756	0.91684	
7.92335 0.914443	0.913688	
7.93244 0.924229	0.923431	
7.94153 0.921862	0.921032	
7.95062 0.921622	0.920756	
7.95972 0.923134	0.922232	
7.96881 0.932319	0.931377	
7.9779 0.926221	0.925251	
7.98699 0.926283	0.925279	
7.99608 0.930955	0.929914	
8.00517 0.935781	0.934704	
8.01427 0.929985	0.928883	
8.02336 0.931262	0.930126	
8.03245 0.939388	0.938213	
8.04154 0.936897	0.935695	
8.05063 0.93697	0.935738	
8.05972 0.938629	0.937366	
8.06882 0.942108	0.940812	
8.07791 0.936338	0.935019	
8.087 0.94282	0.941464	
8.09609 0.946899	0.945512	
8.10518 0.942238	0.940829	
8.11427 0.944814	0.943374	
8.12336 0.954734	0.953256	
8.13246 0.953629	0.95213	
8.14155 0.947992	0.946475	
8.15064 0.950574	0.949028	
8.15973 0.954472	0.952896	
8.16882 0.951209	0.949614	
8.17791 0.959239	0.957609	
8.18701 0.959716	0.958065	
8.1961 0.956895	0.955227	
8.20519 0.962813	0.961115	
8.21428 0.963592	0.961873	
8.22337 0.967988	0.966244	
8.23246 0.963541	0.961786	
8.24156 0.970836	0.969051	
8.25065 0.969714	0.967915	
8.25974 0.975811	0.973987	
8.26883 0.972439	0.970606	
8.27792 0.982058	0.980196	
8.28701 0.984496	0.982621	
8.29611 0.979092	0.977216	
8.3052 0.975338	0.973455	
8.31429 0.984267	0.982357	
8.32338 0.981807	0.979891	
8.33247 0.986642	0.984708	
8.34156 0.99028	0.988333	
8.35066 0.989866	0.987913	
8.35975 0.985263	0.98331	
8.36884 0.990039	0.988071	
8.37793 0.989184	0.987211	
8.38702 0.996056	0.994065	
8.39611 0.996459	0.994464	
8.40521 0.995059	0.993063	
8.4143 0.998934	0.996929	
8.42339 1.00397	1.00196	
8.43248 1.00175	0.999736	
8.44157 1.00522	1.00321	
8.45066 0.998345	0.996342	
8.45975 1.00116	0.999152	
8.46885 1.00453	1.00252	
8.47794 1.01305	1.01102	
8.48703 1.01316	1.01114	
8.49612 1.00793	1.00593	
8.50521 1.01829	1.01628	
8.5143 1.01319	1.01119	
8.5234 1.01959	1.01759	
8.53249 1.02222	1.02022	
8.54158 1.02329	1.02131	
8.55067 1.01538	1.01341	
8.55976 1.01912	1.01716	
8.56885 1.02493	1.02297	
8.57795 1.02933	1.02738	
8.58704 1.02787	1.02594	
8.59613 1.02551	1.0236	
8.60522 1.03497	1.03307	
8.61431 1.03473	1.03284	
8.6234 1.02889	1.02703	
8.6325 1.02586	1.02402	
8.64159 1.03161	1.02978	
8.65068 1.03013	1.02832	
8.65977 1.03945	1.03764	
8.66886 1.03523	1.03345	
8.67795 1.03401	1.03226	
8.68705 1.04132	1.03958	
8.69614 1.03511	1.0334	
8.70523 1.03533	1.03364	
8.71432 1.04373	1.04205	
8.72341 1.04774	1.04609	
8.7325 1.04337	1.04175	
8.7416 1.04261	1.04102	
8.75069 1.04371	1.04214	
8.75978 1.04485	1.04331	
8.76887 1.03918	1.03767	
8.77796 1.04713	1.04563	
8.78705 1.04988	1.04842	
8.79614 1.0512	1.04977	
8.80524 1.04842	1.04702	
8.81433 1.05188	1.05051	
8.82342 1.04888	1.04755	
8.83251 1.05657	1.05526	
8.8416 1.04675	1.04548	
8.85069 1.04548	1.04425	
8.85979 1.05137	1.05016	
8.86888 1.05565	1.05447	
8.87797 1.04888	1.04775	
8.88706 1.0535	1.0524	
8.89615 1.05442	1.05335	
8.90524 1.05733	1.05629	
8.91434 1.05749	1.05649	
8.92343 1.05204	1.05108	
8.93252 1.05566	1.05474	
8.94161 1.04988	1.049	
8.9507 1.0567	1.05585	
8.95979 1.05969	1.05887	
8.96889 1.05751	1.05674	
8.97798 1.04937	1.04864	
8.98707 1.05492	1.05422	
8.99616 1.05945	1.05879	
9.00525 1.05802	1.0574	
9.01434 1.05629	1.05571	
9.02344 1.05612	1.05558	
9.03253 1.06083	1.06033	
9.04162 1.05236	1.0519	
9.05071 1.05205	1.05162	
9.0598 1.05129	1.0509	
9.06889 1.06382	1.06347	
9.07799 1.05672	1.05642	
9.08708 1.05679	1.05653	
9.09617 1.05424	1.05402	
9.10526 1.05721	1.05703	
9.11435 1.05297	1.05283	
9.12344 1.0567	1.05659	
9.13253 1.05988	1.05982	
9.14163 1.05149	1.05147	
9.15072 1.05172	1.05174	
9.15981 1.05637	1.05642	
9.1689 1.06173	1.06184	
9.17799 1.0514	1.05154	
9.18708 1.05036	1.05054	
9.19618 1.05459	1.05481	
9.20527 1.05647	1.05673	
9.21436 1.05396	1.05426	
9.22345 1.05733	1.05768	
9.23254 1.05002	1.0504	
9.24163 1.05745	1.05788	
9.25073 1.05556	1.05603	
9.25982 1.05406	1.05457	
9.26891 1.05193	1.05247	
9.278 1.04462	1.0452	
9.28709 1.05379	1.05442	
9.29618 1.04805	1.0487	
9.30528 1.05495	1.05565	
9.31437 1.04205	1.04278	
9.32346 1.03683	1.03759	
9.33255 1.05218	1.05298	
9.34164 1.04181	1.04264	
9.35073 1.04439	1.04526	
9.35983 1.04906	1.04997	
9.36892 1.04123	1.04217	
9.37801 1.03967	1.04063	
9.3871 1.04274	1.04374	
9.39619 1.0468	1.04784	
9.40528 1.04337	1.04444	
9.41438 1.03678	1.03788	
9.42347 1.03876	1.03989	
9.43256 1.03592	1.03708	
9.44165 1.03646	1.03765	
9.45074 1.04072	1.04194	
9.45983 1.03661	1.03786	
9.46892 1.03703	1.03831	
9.47802 1.03292	1.03422	
9.48711 1.03444	1.03578	
9.4962 1.03184	1.03319	
9.50529 1.03172	1.0331	
9.51438 1.02979	1.03119	
9.52347 1.03044	1.03187	
9.53257 1.02433	1.02577	
9.54166 1.02923	1.0307	
9.55075 1.03534	1.03685	
9.55984 1.02472	1.02624	
9.56893 1.0253	1.02684	
9.57802 1.02864	1.03021	
9.58712 1.02469	1.02627	
9.59621 1.0243	1.02591	
9.6053 1.02609	1.02772	
9.61439 1.02679	1.02844	
9.62348 1.0294	1.03109	
9.63257 1.01808	1.01977	
9.64167 1.01525	1.01694	
9.65076 1.0265	1.02824	
9.65985 1.01764	1.01938	
9.66894 1.01327	1.01501	
9.67803 1.01882	1.02059	
9.68712 1.01539	1.01716	
9.69622 1.01549	1.01728	
9.70531 1.01324	1.01504	
9.7144 1.012	1.01381	
9.72349 1.00793	1.00974	
9.73258 1.01098	1.0128	
9.74167 1.01403	1.01587	
9.75077 1.00921	1.01105	
9.75986 1.01091	1.01277	
9.76895 1.01072	1.01259	
9.77804 1.00624	1.00811	
9.78713 1.00359	1.00546	
9.79622 0.999448	1.00131	
9.80531 1.0002	1.00207	
9.81441 1.00197	1.00383	
9.8235 1.00086	1.00273	
9.83259 1.0052	1.00708	
9.84168 1.00066	1.00254	
9.85077 1.00307	1.00495	
9.85986 0.997078	0.998951	
9.86896 0.993052	0.994913	
9.87805 0.997409	0.999278	
9.88714 0.998141	1.00001	
9.89623 0.988663	0.990507	
9.90532 0.993855	0.995705	
9.91441 0.994607	0.996455	
9.92351 0.999086	1.00094	
9.9326 0.991497	0.993335	
9.94169 0.992233	0.994067	
9.95078 0.989046	0.990866	
9.95987 0.991312	0.99313	
9.96896 0.989139	0.990946	
9.97806 0.985207	0.986995	
9.98715 0.987611	0.989394	
9.99624 0.986678	0.988449	
10.0053 0.987141	0.988903	
10.0144 0.984749	0.986496	
10.0235 0.98468	0.986414	
10.0326 0.981904	0.983619	
10.0417 0.986652	0.988365	
10.0508 0.979837	0.981521	
10.0599 0.982696	0.984372	
10.069 0.980128	0.981783	
10.0781 0.980874	0.982514	
10.0872 0.981849	0.983476	
10.0962 0.977722	0.979324	
10.1053 0.976463	0.978043	
10.1144 0.979333	0.9809	
10.1235 0.976412	0.977955	
10.1326 0.984528	0.98607	
10.1417 0.974767	0.976273	
10.1508 0.972614	0.974093	
10.1599 0.981172	0.982648	
10.169 0.974613	0.976058	
10.1781 0.976541	0.977968	
10.1872 0.973258	0.974657	
10.1963 0.980547	0.981939	
10.2053 0.971677	0.973032	
10.2144 0.972166	0.973497	
10.2235 0.977015	0.978333	
10.2326 0.971043	0.972327	
10.2417 0.972446	0.973707	
10.2508 0.971402	0.972636	
10.2599 0.97022	0.971426	
10.269 0.968911	0.970088	
10.2781 0.975724	0.976887	
10.2872 0.969573	0.970701	
10.2963 0.97258	0.973687	
10.3054 0.969551	0.970626	
10.3144 0.968067	0.969111	
10.3235 0.966831	0.967843	
10.3326 0.981429	0.98244	
10.3417 0.968069	0.969036	
10.3508 0.966083	0.967017	
10.3599 0.969472	0.970381	
10.369 0.966243	0.967117	
10.3781 0.969501	0.970349	
10.3872 0.97058	0.971402	
10.3963 0.965189	0.965973	
10.4054 0.968124	0.968879	
10.4145 0.96794	0.968665	
10.4235 0.965887	0.966578	
10.4326 0.961807	0.962458	
10.4417 0.973388	0.974021	
10.4508 0.968424	0.969023	
10.4599 0.964107	0.964669	
10.469 0.972184	0.972723	
10.4781 0.969133	0.96964	
10.4872 0.976242	0.976729	
10.4963 0.970484	0.970939	
10.5054 0.969535	0.969959	
10.5145 0.965909	0.966298	
10.5236 0.968338	0.968697	
10.5326 0.964264	0.964586	
10.5417 0.967318	0.967607	
10.5508 0.966874	0.96713	
10.5599 0.964376	0.964595	
10.569 0.962464	0.962644	
10.5781 0.970553	0.970705	
10.5872 0.968239	0.968358	
10.5963 0.970245	0.970334	
10.6054 0.968865	0.968921	
10.6145 0.974163	0.974193	
10.6236 0.969873	0.969871	
10.6327 0.967282	0.967246	
10.6417 0.962615	0.96254	
10.6508 0.969142	0.969034	
10.6599 0.971173	0.971035	
10.669 0.968283	0.968111	
10.6781 0.966476	0.966269	
10.6872 0.970901	0.970661	
10.6963 0.971046	0.970775	
10.7054 0.973039	0.972739	
10.7145 0.970045	0.969713	
10.7236 0.971183	0.970819	
10.7327 0.976904	0.976513	
10.7418 0.964053	0.963628	
10.7508 0.974977	0.974518	
10.7599 0.978043	0.977558	
10.769 0.975247	0.974737	
10.7781 0.971357	0.970816	
10.7872 0.973054	0.972483	
10.7963 0.975027	0.974426	
10.8054 0.971308	0.970676	
10.8145 0.969811	0.969147	
10.8236 0.971784	0.971087	
10.8327 0.980681	0.979955	
10.8418 0.974279	0.973528	
10.8509 0.9789	0.978121	
10.8599 0.971376	0.970569	
10.869 0.978115	0.977277	
10.8781 0.978887	0.978023	
10.8872 0.983349	0.982461	
10.8963 0.979674	0.978765	
10.9054 0.983344	0.982412	
10.9145 0.978117	0.977163	
10.9236 0.977326	0.976345	
10.9327 0.989264	0.988257	
10.9418 0.985251	0.984231	
10.9509 0.97952	0.978481	
10.96 0.976744	0.975679	
10.969 0.986873	0.98578	
10.9781 0.984599	0.983489	
10.9872 0.981673	0.980544	
10.9963 0.981946	0.980793	
11.0054 0.981111	0.979935	
11.0145 0.983391	0.982191	
11.0236 0.984589	0.983368	
11.0327 0.984635	0.983394	
11.0418 0.987229	0.985968	
11.0509 0.98672	0.985442	
11.06 0.988771	0.987475	
11.0691 0.985527	0.984216	
11.0781 0.982246	0.980916	
11.0872 0.98645	0.985096	
11.0963 0.993586	0.992213	
11.1054 0.993422	0.99204	
11.1145 0.99447	0.993078	
11.1236 0.991222	0.989822	
11.1327 0.993018	0.991604	
11.1418 0.996104	0.99468	
11.1509 0.989125	0.987695	
11.16 0.996022	0.994575	
11.1691 0.989872	0.988419	
11.1781 0.991295	0.989827	
11.1872 0.994914	0.993433	
11.1963 0.993598	0.992108	
11.2054 1.00164	1.00013	
11.2145 0.995069	0.993569	
11.2236 0.994385	0.992877	
11.2327 0.993486	0.991969	
11.2418 1.00053	0.999004	
11.2509 1.00057	0.999035	
11.26 1.0024	1.00086	
11.2691 0.999742	0.998212	
11.2782 0.994448	0.992916	
11.2872 0.994689	0.993148	
11.2963 1.00296	1.0014	
11.3054 1.00124	0.999688	
11.3145 0.99822	0.996671	
11.3236 1.00071	0.999151	
11.3327 0.999816	0.99826	
11.3418 1.00165	1.00009	
11.3509 0.997936	0.996378	
11.36 1.00422	1.00265	
11.3691 1.00309	1.00153	
11.3782 1.00722	1.00566	
11.3873 1.0035	1.00195	
11.3963 1.0091	1.00755	
11.4054 1.01046	1.00892	
11.4145 1.00618	1.00465	
11.4236 1.00756	1.00604	
11.4327 1.00782	1.00631	
11.4418 1.01161	1.01011	
11.4509 1.00754	1.00605	
11.46 1.01269	1.01122	
11.4691 1.01107	1.00961	
11.4782 1.00727	1.00582	
11.4873 1.00734	1.0059	
11.4964 1.01098	1.00955	
11.5054 1.00851	1.00709	
11.5145 1.0109	1.00949	
11.5236 1.01477	1.01338	
11.5327 1.01635	1.01498	
11.5418 1.01352	1.01217	
11.5509 1.00681	1.00548	
11.56 1.0117	1.01037	
11.5691 1.01612	1.01481	
11.5782 1.01459	1.0133	
11.5873 1.01469	1.01342	
11.5964 1.0106	1.00935	
11.6055 1.01644	1.0152	
11.6145 1.00929	1.00808	
11.6236 1.01134	1.01014	
11.6327 1.02058	1.0194	
11.6418 1.01445	1.0133	
11.6509 1.01545	1.01432	
11.66 1.0204	1.01929	
11.6691 1.01943	1.01835	
11.6782 1.01839	1.01734	
11.6873 1.0155	1.01447	
11.6964 1.01727	1.01626	
11.7055 1.01584	1.01485	
11.7146 1.01181	1.01084	
11.7236 1.01506	1.01411	
11.7327 1.01995	1.01904	
11.7418 1.01862	1.01773	
11.7509 1.01774	1.01687	
11.76 1.02177	1.02093	
11.7691 1.01992	1.01912	
11.7782 1.01431	1.01354	
11.7873 1.01921	1.01846	
11.7964 1.01898	1.01826	
11.8055 1.02342	1.02273	
11.8146 1.02127	1.02062	
11.8237 1.01723	1.01661	
11.8327 1.02026	1.01967	
11.8418 1.01786	1.0173	
11.8509 1.02016	1.01963	
11.86 1.0171	1.0166	
11.8691 1.01879	1.01831	
11.8782 1.01859	1.01815	
11.8873 1.02254	1.02213	
11.8964 1.02369	1.02332	
11.9055 1.02002	1.01969	
11.9146 1.01841	1.0181	
11.9237 1.0241	1.02384	
11.9328 1.01697	1.01674	
11.9418 1.0198	1.0196	
11.9509 1.02107	1.0209	
11.96 1.01779	1.01765	
11.9691 1.01871	1.01861	
11.9782 1.02338	1.02331	
11.9873 1.01852	1.01848	
11.9964 1.02089	1.02089	
12.0055 1.02178	1.02181	
12.0146 1.02211	1.02218	
12.0237 1.02183	1.02195	
12.0328 1.02205	1.0222	
12.0419 1.01744	1.01762	
12.0509 1.01414	1.01434	
12.06 1.02228	1.02253	
12.0691 1.01734	1.01761	
12.0782 1.01776	1.01807	
12.0873 1.01872	1.01906	
12.0964 1.0207	1.02108	
12.1055 1.01629	1.0167	
12.1146 1.01204	1.01247	
12.1237 1.01328	1.01373	
12.1328 1.01462	1.0151	
12.1419 1.01359	1.01409	
12.151 1.01554	1.01608	
12.16 1.01942	1.01999	
12.1691 1.01493	1.01552	
12.1782 1.01177	1.01239	
12.1873 1.01647	1.01713	
12.1964 1.01868	1.01937	
12.2055 1.01171	1.01242	
12.2146 1.0227	1.02346	
12.2237 1.01554	1.01632	
12.2328 1.01238	1.01319	
12.2419 1.01523	1.01607	
12.251 1.01394	1.0148	
12.2601 1.01302	1.01391	
12.2691 1.01323	1.01415	
12.2782 1.01704	1.01799	
12.2873 1.01105	1.01203	
12.2964 1.01533	1.01634	
12.3055 1.01216	1.01319	
12.3146 1.01671	1.01778	
12.3237 1.00832	1.0094	
12.3328 1.014	1.01512	
12.3419 1.01143	1.01257	
12.351 1.00994	1.0111	
12.3601 1.00948	1.01066	
12.3692 1.01372	1.01493	
12.3782 1.01043	1.01166	
12.3873 1.00906	1.0103	
12.3964 1.01134	1.01262	
12.4055 1.00931	1.01061	
12.4146 1.01188	1.0132	
12.4237 1.00278	1.0041	
12.4328 1.00821	1.00956	
12.4419 1.01215	1.01353	
12.451 1.00572	1.0071	
12.4601 1.00386	1.00525	
12.4692 1.00866	1.01008	
12.4783 1.00713	1.00856	
12.4873 1.00338	1.00482	
12.4964 1.00171	1.00315	
12.5055 1.00483	1.00628	
12.5146 1.00968	1.01117	
12.5237 1.00302	1.00451	
12.5328 1.01075	1.01227	
12.5419 1.00698	1.00852	
12.551 1.00456	1.00611	
12.5601 1.00289	1.00444	
12.5692 1.00686	1.00843	
12.5783 1.00451	1.0061	
12.5874 1.0036	1.00519	
12.5964 1.00341	1.00502	
12.6055 1.00175	1.00336	
12.6146 1.00175	1.00337	
12.6237 1.0039	1.00553	
12.6328 1.00334	1.00498	
12.6419 1.00316	1.00481	
12.651 1.00021	1.00186	
12.6601 1.00071	1.00237	
12.6692 0.999899	1.00156	
12.6783 1.00005	1.00171	
12.6874 0.99886	1.00052	
12.6965 0.997332	0.998988	
12.7055 1.00198	1.00366	
12.7146 0.998747	1.00042	
12.7237 0.999283	1.00095	
12.7328 0.994413	0.996068	
12.7419 1.00021	1.00188	
12.751 0.999296	1.00096	
12.7601 0.997392	0.999055	
12.7692 0.989676	0.991307	
12.7783 0.997008	0.998648	
12.7874 0.996354	0.997988	
12.7965 0.994751	0.996375	
12.8056 1.00015	1.00179	
12.8146 0.999868	1.00151	
12.8237 0.993773	0.995392	
12.8328 0.991877	0.993478	
12.8419 0.993493	0.995085	
12.851 0.997589	0.999186	
12.8601 0.995804	0.997392	
12.8692 0.993254	0.994826	
12.8783 0.991136	0.992688	
12.8874 0.991528	0.993064	
12.8965 0.995102	0.996636	
12.9056 0.993104	0.994622	
12.9146 0.990023	0.991517	
12.9237 0.992541	0.994024	
12.9328 0.995803	0.997284	
12.9419 0.991908	0.993368	
12.951 0.990912	0.992354	
12.9601 0.990686	0.992108	
12.9692 0.991755	0.993163	
12.9783 0.990854	0.992242	
12.9874 0.992082	0.993456	
12.9965 0.989879	0.991229	
13.0056 0.989709	0.991038	
13.0147 0.989312	0.990618	
13.0237 0.986941	0.988216	
13.0328 0.99102	0.992282	
13.0419 0.994599	0.995855	
13.051 0.993849	0.995093	
13.0601 0.992976	0.994204	
13.0692 0.993499	0.994715	
13.0783 0.988589	0.989775	
13.0874 0.992155	0.993329	
13.0965 0.996036	0.997208	
13.1056 0.984751	0.985876	
13.1147 0.99261	0.993729	
13.1238 0.990588	0.991684	
13.1328 0.99142	0.9925	
13.1419 0.989159	0.990212	
13.151 0.991937	0.992975	
13.1601 0.988107	0.989115	
13.1692 0.993293	0.994293	
13.1783 0.990562	0.991538	
13.1874 0.987215	0.988159	
13.1965 0.988897	0.989818	
13.2056 0.991763	0.992669	
13.2147 0.987129	0.988	
13.2238 0.987109	0.987951	
13.2329 0.985229	0.986034	
13.2419 0.990483	0.991272	
13.251 0.992621	0.993395	
13.2601 0.986907	0.987646	
13.2692 0.988005	0.988717	
13.2783 0.988936	0.989623	
13.2874 0.988156	0.988814	
13.2965 0.990425	0.991063	
13.3056 0.986813	0.987416	
13.3147 0.990686	0.99127	
13.3238 0.985373	0.985918	
13.3329 0.990456	0.990982	
13.342 0.9892	0.989699	
13.351 0.987785	0.988254	
13.3601 0.988492	0.988933	
13.3692 0.989631	0.990048	
13.3783 0.990811	0.991205	
13.3874 0.989164	0.989532	
13.3965 0.985857	0.986188	
13.4056 0.991402	0.991714	
13.4147 0.989845	0.990131	
13.4238 0.993606	0.993877	
13.4329 0.988243	0.988484	
13.442 0.985688	0.985892	
13.4511 0.992808	0.992995	
13.4601 0.994756	0.994931	
13.4692 0.987248	0.987389	
13.4783 0.986315	0.986421	
13.4874 0.992881	0.992969	
13.4965 0.990954	0.991019	
13.5056 0.988735	0.98877	
13.5147 0.989481	0.989489	
13.5238 0.98943	0.98941	
13.5329 0.995062	0.99503	
13.542 0.987547	0.987482	
13.5511 0.990397	0.990306	
13.5602 0.993123	0.993014	
13.5692 0.992706	0.992577	
13.5783 0.989735	0.989579	
13.5874 0.990123	0.989941	
13.5965 0.989283	0.989072	
13.6056 0.990894	0.990657	
13.6147 0.98847	0.988203	
13.6238 0.99219	0.991901	
13.6329 0.990731	0.990417	
13.642 0.988815	0.98847	
13.6511 0.991299	0.990929	
13.6602 0.991266	0.990872	
13.6693 0.993695	0.993282	
13.6783 0.988093	0.987649	
13.6874 0.988181	0.987704	
13.6965 0.995014	0.994519	
13.7056 0.995885	0.995377	
13.7147 0.992232	0.991703	
13.7238 0.994585	0.994038	
13.7329 0.990823	0.990253	
13.742 0.996697	0.996113	
13.7511 0.994634	0.994034	
13.7602 0.996567	0.995955	
13.7693 0.98924	0.988601	
13.7784 0.990981	0.990315	
13.7874 0.989908	0.989213	
13.7965 0.989306	0.98858	
13.8056 0.993391	0.992641	
13.8147 0.992676	0.991905	
13.8238 0.998444	0.997662	
13.8329 0.992729	0.991929	
13.842 0.99852	0.99771	
13.8511 0.994426	0.993601	
13.8602 0.996057	0.995217	
13.8693 0.999468	0.998621	
13.8784 0.994998	0.994139	
13.8875 1.00338	1.00252	
13.8965 0.995284	0.994416	
13.9056 0.991546	0.990655	
13.9147 0.996575	0.995666	
13.9238 0.997096	0.996176	
13.9329 0.997909	0.99698	
13.942 0.998856	0.997921	
13.9511 0.997765	0.996821	
13.9602 1.00019	0.999242	
13.9693 0.998958	0.998005	
13.9784 0.998634	0.997675	
13.9875 0.991807	0.990829	
13.9966 0.995977	0.99498	
14.0056 0.998931	0.997925	
14.0147 0.997763	0.996748	
14.0238 1.00206	1.00104	
14.0329 0.993925	0.992897	
14.042 0.996013	0.994968	
14.0511 0.998246	0.99719	
14.0602 1.00058	0.999519	
14.0693 0.996644	0.995576	
14.0784 1.00326	1.00219	
14.0875 1.00077	0.999701	
14.0966 1.00211	1.00104	
14.1057 0.995045	0.99397	
14.1147 0.99888	0.997794	
14.1238 1.00286	1.00177	
14.1329 0.998934	0.997847	
14.142 0.9976	0.996504	
14.1511 0.999887	0.998785	
14.1602 0.998611	0.997503	
14.1693 1.00091	0.999797	
14.1784 0.999126	0.998011	
14.1875 1.00056	0.999446	
14.1966 1.00479	1.00368	
14.2057 0.999276	0.998165	
14.2148 1.00181	1.0007	
14.2238 0.9987	0.997584	
14.2329 0.999882	0.998761	
14.242 1.0007	0.999574	
14.2511 1.00217	1.00105	
14.2602 1.00192	1.0008	
14.2693 1.00488	1.00377	
14.2784 1.00414	1.00303	
14.2875 1.00122	1.00012	
14.2966 1.00041	0.999316	
14.3057 0.999757	0.998655	
14.3148 1.00679	1.0057	
14.3239 1.00279	1.00171	
14.3329 1.00435	1.00327	
14.342 1.00353	1.00247	
14.3511 1.00527	1.00422	
14.3602 1.00893	1.0079	
14.3693 1.00784	1.00683	
14.3784 1.00304	1.00204	
14.3875 0.997767	0.996763	
14.3966 1.00324	1.00223	
14.4057 1.00274	1.00174	
14.4148 1.00616	1.00517	
14.4239 0.996371	0.995382	
14.433 1.00763	1.00665	
14.442 1.00455	1.00359	
14.4511 1.00718	1.00623	
14.4602 1.00171	1.00077	
14.4693 1.00727	1.00634	
14.4784 1.00715	1.00625	
14.4875 1.0057	1.00481	
14.4966 1.00929	1.00843	
14.5057 1.00536	1.00452	
14.5148 1.00714	1.00631	
14.5239 1.00697	1.00616	
14.533 1.00603	1.00524	
14.5421 1.00851	1.00775	
14.5511 1.00637	1.00562	
14.5602 1.0033	1.00257	
14.5693 1.00488	1.00416	
14.5784 1.00659	1.00589	
14.5875 1.00568	1.00499	
14.5966 1.00879	1.00813	
14.6057 1.00362	1.00297	
14.6148 1.00495	1.00432	
14.6239 1.00797	1.00735	
14.633 1.00707	1.00647	
14.6421 1.00638	1.00581	
14.6511 1.00497	1.00441	
14.6602 1.0037	1.00316	
14.6693 1.00275	1.00221	
14.6784 1.00392	1.0034	
14.6875 1.00552	1.00501	
14.6966 1.0059	1.00541	
14.7057 0.998807	0.998312	
14.7148 1.00453	1.00404	
14.7239 1.00617	1.0057	
14.733 1.00607	1.00562	
14.7421 1.00164	1.0012	
14.7512 1.01025	1.00984	
14.7602 1.00615	1.00576	
14.7693 1.0107	1.01035	
14.7784 1.00191	1.00156	
14.7875 1.00883	1.00851	
14.7966 1.00627	1.00598	
14.8057 1.00388	1.0036	
14.8148 1.00595	1.00568	
14.8239 1.00664	1.00639	
14.833 1.00536	1.00513	
14.8421 1.00828	1.00808	
14.8512 1.01036	1.0102	
14.8603 1.0065	1.00636	
14.8693 1.00704	1.00692	
14.8784 1.00594	1.00584	
14.8875 1.00752	1.00745	
14.8966 1.0075	1.00746	
14.9057 1.00493	1.0049	
14.9148 1.01042	1.01043	
14.9239 1.0089	1.00894	
14.933 1.00169	1.00174	
14.9421 1.00692	1.00699	
14.9512 1.00786	1.00796	
14.9603 1.0014	1.00151	
14.9694 1.00948	1.00962	
14.9784 1.00473	1.00489	
14.9875 1.00397	1.00414	
14.9966 1.00829	1.00849	
15.0057 1.00878	1.00902	
15.0148 1.0056	1.00585	
15.0239 1.0054	1.00567	
15.033 0.999041	0.999314	
15.0421 1.00636	1.00666	
15.0512 1.00405	1.00436	
15.0603 1.00879	1.00914	
15.0694 1.00019	1.00054	
15.0785 1.00697	1.00735	
15.0875 1.00767	1.00808	
15.0966 1.00722	1.00766	
15.1057 1.0086	1.00907	
15.1148 1.00073	1.0012	
15.1239 1.00408	1.00457	
15.133 1.00101	1.00151	
15.1421 1.0027	1.0032	
15.1512 0.998713	0.999213	
15.1603 1.00377	1.00429	
15.1694 1.00053	1.00105	
15.1785 1.00689	1.00745	
15.1876 0.997699	0.998239	
15.1966 1.00298	1.00353	
15.2057 1.00407	1.00465	
15.2148 0.99945	1.00002	
15.2239 1.00436	1.00496	
15.233 0.997922	0.998506	
15.2421 1.00966	1.01029	
15.2512 1.00225	1.00288	
15.2603 1.00719	1.00786	
15.2694 1.00432	1.00501	
15.2785 1.00454	1.00525	
15.2876 1.00395	1.00467	
15.2967 1.00436	1.00511	
15.3057 1.00445	1.00521	
15.3148 1.00557	1.00636	
15.3239 0.998939	0.999723	
15.333 0.998977	0.99976	
15.3421 1.00479	1.0056	
15.3512 1.00747	1.00832	
15.3603 1.00566	1.00653	
15.3694 1.00377	1.00466	
15.3785 0.995869	0.996735	
15.3876 1.00004	1.00091	
15.3967 1.00265	1.00354	
15.4058 1.01035	1.01129	
15.4148 0.999079	1.00001	
15.4239 1.00374	1.00469	
15.433 1.00112	1.00208	
15.4421 1.00286	1.00384	
15.4512 0.991927	0.992864	
15.4603 1.00306	1.00402	
15.4694 0.999832	1.0008	
15.4785 1.00143	1.0024	
15.4876 1.00089	1.00188	
15.4967 1.00058	1.00157	
15.5058 0.999681	1.00067	
15.5149 1.00237	1.00337	
15.5239 1.00242	1.00344	
15.533 0.994466	0.995459	
15.5421 1.00644	1.00748	
15.5512 0.995629	0.99664	
15.5603 1.00299	1.00403	
15.5694 1.0065	1.00757	
15.5785 1.00368	1.00477	
15.5876 0.999305	1.00039	
15.5967 0.996314	0.997383	
15.6058 0.997986	0.999053	
15.6149 0.997975	0.999038	
15.624 0.996698	0.997751	
15.633 0.997833	0.998882	
15.6421 1.00143	1.0025	
15.6512 1.00064	1.00171	
15.6603 0.999402	1.00047	
15.6694 0.997991	0.999056	
15.6785 1.0022	1.00328	
15.6876 0.995481	0.996542	
15.6967 1.00183	1.00291	
15.7058 1.00037	1.00145	
15.7149 1.00042	1.00151	
15.724 0.998518	0.999606	
15.7331 1.00032	1.00142	
15.7421 1.00127	1.00238	
15.7512 0.99634	0.997431	
15.7603 0.999977	1.00108	
15.7694 0.998067	0.99916	
15.7785 0.996859	0.997942	
15.7876 0.997097	0.998173	
15.7967 0.995889	0.99695	
15.8058 0.994524	0.995565	
15.8149 0.989323	0.990317	
15.824 1.00183	1.00285	
15.8331 0.996223	0.997224	
15.8422 0.995129	0.996112	
15.8512 0.997128	0.998105	
15.8603 0.998836	0.999814	
15.8694 0.999571	1.00055	
15.8785 0.993823	0.994775	
15.8876 0.995333	0.99627	
15.8967 0.99439	0.995306	
15.9058 0.994248	0.995142	
15.9149 1.00075	1.00165	
15.924 0.996937	0.99783	
15.9331 0.995428	0.996304	
15.9422 0.993671	0.994521	
15.9513 0.995449	0.996284	
15.9603 0.992569	0.993372	
15.9694 0.997679	0.998479	
15.9785 0.995463	0.996244	
15.9876 0.997477	0.998252	
15.9967 0.998415	0.999187	
16.0058 0.997956	0.998722	
16.0149 0.999144	0.99991	
16.024 0.997714	0.998472	
16.0331 0.993998	0.994729	
16.0422 0.990093	0.99078	
16.0513 0.995197	0.995868	
16.0604 0.994832	0.995481	
16.0694 1.00045	1.00111	
16.0785 1.00073	1.00139	
16.0876 0.996466	0.997115	
16.0967 0.996742	0.997379	
16.1058 1.00281	1.00347	
16.1149 0.998552	0.999202	
16.124 0.994973	0.995601	
16.1331 0.996678	0.997293	
16.1422 0.996516	0.997118	
16.1513 0.999504	1.00011	
16.1604 0.99319	0.993761	
16.1695 0.998611	0.999181	
16.1785 0.99604	0.996592	
16.1876 0.992883	0.993402	
16.1967 0.993024	0.993513	
16.2058 1.00105	1.00155	
16.2149 0.994742	0.995216	
16.224 0.990948	0.991379	
16.2331 0.996501	0.99692	
16.2422 0.996222	0.996624	
16.2513 0.999912	1.00032	
16.2604 0.9925	0.992867	
16.2695 0.994553	0.994896	
16.2786 0.990978	0.991278	
16.2876 0.99301	0.993277	
16.2967 1.00017	1.00044	
16.3058 1.00026	1.00054	
16.3149 1.00046	1.00074	
16.324 0.999454	0.99973	
16.3331 0.993624	0.993868	
16.3422 0.997871	0.998107	
16.3513 0.992368	0.992566	
16.3604 0.996096	0.996276	
16.3695 1.00183	1.00202	
16.3786 0.999235	0.999423	
16.3876 0.99958	0.999767	
16.3967 0.99179	0.991935	
16.4058 0.994741	0.99486	
16.4149 0.995605	0.995703	
16.424 0.996489	0.996569	
16.4331 0.999172	0.999249	
16.4422 1.00218	1.00226	
16.4513 0.991639	0.991684	
16.4604 0.997048	0.997078	
16.4695 0.995997	0.996007	
16.4786 0.991683	0.99165	
16.4877 0.992758	0.992687	
16.4967 0.993238	0.993132	
16.5058 1.00316	1.00306	
16.5149 0.994788	0.994669	
16.524 0.995351	0.995207	
16.5331 1.00064	1.0005	
16.5422 0.993485	0.99331	
16.5513 0.992694	0.992479	
16.5604 0.995898	0.99566	
16.5695 0.992169	0.991888	
16.5786 0.998265	0.997971	
16.5877 1.00266	1.00238	
16.5968 0.995018	0.99471	
16.6058 1.00108	1.00078	
16.6149 0.991992	0.991644	
16.624 1.00188	1.00154	
16.6331 0.999678	0.999333	
16.6422 0.998571	0.998217	
16.6513 0.99414	0.993753	
16.6604 1.00208	1.0017	
16.6695 0.997667	0.997274	
16.6786 0.991419	0.990979	
16.6877 0.997001	0.996539	
16.6968 1.00056	1.0001	
16.7059 0.995789	0.995303	
16.7149 1.00328	1.00281	
16.724 0.993492	0.992984	
16.7331 0.995811	0.995276	
16.7422 0.992568	0.99199	
16.7513 0.992515	0.991892	
16.7604 0.998281	0.997641	
16.7695 1.00083	1.00019	
16.7786 0.995317	0.99465	
16.7877 1.00107	1.00041	
16.7968 0.995655	0.994962	
16.8059 0.992069	0.99133	
16.815 0.997256	0.996492	
16.824 0.998439	0.997662	
16.8331 0.991791	0.990967	
16.8422 1.00084	1.00001	
16.8513 1.00312	1.0023	
16.8604 0.987563	0.98668	
16.8695 1.00222	1.00133	
16.8786 1.00558	1.00471	
16.8877 0.997012	0.996133	
16.8968 1.00282	1.00195	
16.9059 0.998825	0.997945	
16.915 0.997761	0.996862	
16.9241 0.999772	0.998865	
16.9331 0.995992	0.99506	
16.9422 0.996377	0.995417	
16.9513 1.00104	1.00007	
16.9604 0.998776	0.997802	
16.9695 0.989881	0.98885	
16.9786 1.00424	1.00321	
16.9877 1.00463	1.00363	
16.9968 0.999556	0.998547	
17.0059 0.989314	0.988246	
17.015 1.00355	1.00248	
17.0241 1.00239	1.00133	
17.0332 1.00428	1.00324	
17.0422 0.998753	0.997702	
17.0513 1.00041	0.99935	
17.0604 0.999102	0.998036	
17.0695 0.998003	0.996919	
17.0786 1.00779	1.00674	
17.0877 1.01074	1.00975	
17.0968 1.0036	1.00262	
17.1059 1.00244	1.00148	
17.115 1.00311	1.00216	
17.1241 1.00486	1.00394	
17.1332 1.00308	1.00217	
17.1423 1.00418	1.00329	
17.1513 1.00185	1.00096	
17.1604 1.00373	1.00287	
17.1695 1.00171	1.00085	
17.1786 0.995734	0.994847	
17.1877 1.00128	1.00039	
17.1968 1.00441	1.00354	
17.2059 1.00093	1.00006	
17.215 1.00433	1.00348	
17.2241 1.00567	1.00486	
17.2332 1.00147	1.00066	
17.2423 0.993979	0.993131	
17.2514 1.00542	1.0046	
17.2604 1.00183	1.00101	
17.2695 1.00567	1.00488	
17.2786 1.00174	1.00096	
17.2877 1.00185	1.00107	
17.2968 1.00811	1.00738	
17.3059 0.999657	0.998927	
17.315 0.996645	0.99589	
17.3241 1.00159	1.00083	
17.3332 0.998518	0.997753	
17.3423 0.999365	0.998589	
17.3514 1.00027	0.999494	
17.3605 1.0013	1.00052	
17.3695 0.995247	0.994438	
17.3786 1.0007	0.999885	
17.3877 1.00447	1.00367	
17.3968 1.01335	1.01263	
17.4059 1.00005	0.999345	
17.415 1.01069	1.01004	
17.4241 0.995462	0.994788	
17.4332 0.997542	0.996846	
17.4423 1.00211	1.00142	
17.4514 0.996158	0.995441	
17.4605 0.995028	0.994273	
17.4696 1.00685	1.00613	
17.4786 0.998839	0.99811	
17.4877 1.00297	1.00225	
17.4968 1.0052	1.00452	
17.5059 1.00452	1.00386	
17.515 1.00933	1.00873	
17.5241 1.00191	1.00132	
17.5332 1.01177	1.01125	
17.5423 0.999144	0.998625	
17.5514 1.00868	1.00822	
17.5605 1.00578	1.00535	
17.5696 0.999245	0.998812	
17.5787 1.00072	1.00029	
17.5877 1.00092	1.0005	
17.5968 1.00299	1.00257	
17.6059 1.00231	1.00192	
17.615 0.996166	0.995742	
17.6241 1.00334	1.00294	
17.6332 1.00445	1.00407	
17.6423 1.00223	1.00187	
17.6514 0.997614	0.997232	
17.6605 1.00436	1.004	
17.6696 1.00166	1.00132	
17.6787 1.00773	1.00743	
17.6878 1.00172	1.00144	
17.6968 1.00264	1.00237	
17.7059 1.00817	1.00797	
17.715 0.998876	0.99866	
17.7241 1.008	1.00784	
17.7332 1.0069	1.00679	
17.7423 1.00767	1.00762	
17.7514 1.00344	1.00341	
17.7605 0.99693	0.996878	
17.7696 1.005	1.00499	
17.7787 0.999606	0.999587	
17.7878 1.00294	1.00295	
17.7969 0.994641	0.994604	
17.8059 1.0023	1.00228	
17.815 1.00478	1.0048	
17.8241 1.00348	1.00352	
17.8332 1.00038	1.00043	
17.8423 1.00232	1.00238	
17.8514 1.00755	1.00767	
17.8605 1.00703	1.0072	
17.8696 1.00307	1.00327	
17.8787 0.998916	0.999106	
17.8878 1.01002	1.01029	
17.8969 1.00252	1.00281	
17.906 1.011	1.01138	
17.915 1.00061	1.00099	
17.9241 1.01186	1.01234	
17.9332 0.997902	0.998363	
17.9423 1.00737	1.00789	
17.9514 0.999251	0.99977	
17.9605 1.00457	1.00513	
17.9696 0.997019	0.997557	
17.9787 0.997219	0.99774	
17.9878 0.990677	0.991128	
17.9969 1.00826	1.00878	
18.006 1.00029	1.00082	
18.0151 1.00659	1.00717	
18.0241 1.00452	1.00515	
18.0332 1.00179	1.00243	
18.0423 1.00949	1.01021	
18.0514 1.00913	1.00993	
18.0605 0.999014	0.999807	
18.0696 1.00628	1.00714	
18.0787 0.996279	0.997102	
18.0878 1.00289	1.00374	
18.0969 0.999927	1.00079	
18.106 1.00213	1.00302	
18.1151 0.99775	0.998621	
18.1241 0.997188	0.998043	
18.1332 0.999447	1.00031	
18.1423 1.0003	1.00117	
18.1514 1.00704	1.00797	
18.1605 0.99463	0.995522	
18.1696 0.994511	0.995367	
18.1787 0.999074	0.999933	
