# Time-averaged data for fix f5
# TimeStep Number-of-rows
# Row c_rdff[1] c_rdff[2] c_rdff[3]
0 2000
1 0.00125 0 0
2 0.00375 0 0
3 0.00625 0 0
4 0.00875 0 0
5 0.01125 0 0
6 0.01375 0 0
7 0.01625 0 0
8 0.01875 0 0
9 0.02125 0 0
10 0.02375 0 0
11 0.02625 0 0
12 0.02875 0 0
13 0.03125 0 0
14 0.03375 0 0
15 0.03625 0 0
16 0.03875 0 0
17 0.04125 0 0
18 0.04375 0 0
19 0.04625 0 0
20 0.04875 0 0
21 0.05125 0 0
22 0.05375 0 0
23 0.05625 0 0
24 0.05875 0 0
25 0.06125 0 0
26 0.06375 0 0
27 0.06625 0 0
28 0.06875 0 0
29 0.07125 0 0
30 0.07375 0 0
31 0.07625 0 0
32 0.07875 0 0
33 0.08125 0 0
34 0.08375 0 0
35 0.08625 0 0
36 0.08875 0 0
37 0.09125 0 0
38 0.09375 0 0
39 0.09625 0 0
40 0.09875 0 0
41 0.10125 0 0
42 0.10375 0 0
43 0.10625 0 0
44 0.10875 0 0
45 0.11125 0 0
46 0.11375 0 0
47 0.11625 0 0
48 0.11875 0 0
49 0.12125 0 0
50 0.12375 0 0
51 0.12625 0 0
52 0.12875 0 0
53 0.13125 0 0
54 0.13375 0 0
55 0.13625 0 0
56 0.13875 0 0
57 0.14125 0 0
58 0.14375 0 0
59 0.14625 0 0
60 0.14875 0 0
61 0.15125 0 0
62 0.15375 0 0
63 0.15625 0 0
64 0.15875 0 0
65 0.16125 0 0
66 0.16375 0 0
67 0.16625 0 0
68 0.16875 0 0
69 0.17125 0 0
70 0.17375 0 0
71 0.17625 0 0
72 0.17875 0 0
73 0.18125 0 0
74 0.18375 0 0
75 0.18625 0 0
76 0.18875 0 0
77 0.19125 0 0
78 0.19375 0 0
79 0.19625 0 0
80 0.19875 0 0
81 0.20125 0 0
82 0.20375 0 0
83 0.20625 0 0
84 0.20875 0 0
85 0.21125 0 0
86 0.21375 0 0
87 0.21625 0 0
88 0.21875 0 0
89 0.22125 0 0
90 0.22375 0 0
91 0.22625 0 0
92 0.22875 0 0
93 0.23125 0 0
94 0.23375 0 0
95 0.23625 0 0
96 0.23875 0 0
97 0.24125 0 0
98 0.24375 0 0
99 0.24625 0 0
100 0.24875 0 0
101 0.25125 0 0
102 0.25375 0 0
103 0.25625 0 0
104 0.25875 0 0
105 0.26125 0 0
106 0.26375 0 0
107 0.26625 0 0
108 0.26875 0 0
109 0.27125 0 0
110 0.27375 0 0
111 0.27625 0 0
112 0.27875 0 0
113 0.28125 0 0
114 0.28375 0 0
115 0.28625 0 0
116 0.28875 0 0
117 0.29125 0 0
118 0.29375 0 0
119 0.29625 0 0
120 0.29875 0 0
121 0.30125 0 0
122 0.30375 0 0
123 0.30625 0 0
124 0.30875 0 0
125 0.31125 0 0
126 0.31375 0 0
127 0.31625 0 0
128 0.31875 0 0
129 0.32125 0 0
130 0.32375 0 0
131 0.32625 0 0
132 0.32875 0 0
133 0.33125 0 0
134 0.33375 0 0
135 0.33625 0 0
136 0.33875 0 0
137 0.34125 0 0
138 0.34375 0 0
139 0.34625 0 0
140 0.34875 0 0
141 0.35125 0 0
142 0.35375 0 0
143 0.35625 0 0
144 0.35875 0 0
145 0.36125 0 0
146 0.36375 0 0
147 0.36625 0 0
148 0.36875 0 0
149 0.37125 0 0
150 0.37375 0 0
151 0.37625 0 0
152 0.37875 0 0
153 0.38125 0 0
154 0.38375 0 0
155 0.38625 0 0
156 0.38875 0 0
157 0.39125 0 0
158 0.39375 0 0
159 0.39625 0 0
160 0.39875 0 0
161 0.40125 0 0
162 0.40375 0 0
163 0.40625 0 0
164 0.40875 0 0
165 0.41125 0 0
166 0.41375 0 0
167 0.41625 0 0
168 0.41875 0 0
169 0.42125 0 0
170 0.42375 0 0
171 0.42625 0 0
172 0.42875 0 0
173 0.43125 0 0
174 0.43375 0 0
175 0.43625 0 0
176 0.43875 0 0
177 0.44125 0 0
178 0.44375 0 0
179 0.44625 0 0
180 0.44875 0 0
181 0.45125 0 0
182 0.45375 0 0
183 0.45625 0 0
184 0.45875 0 0
185 0.46125 0 0
186 0.46375 0 0
187 0.46625 0 0
188 0.46875 0 0
189 0.47125 0 0
190 0.47375 0 0
191 0.47625 0 0
192 0.47875 0 0
193 0.48125 0 0
194 0.48375 0 0
195 0.48625 0 0
196 0.48875 0 0
197 0.49125 0 0
198 0.49375 0 0
199 0.49625 0 0
200 0.49875 0 0
201 0.50125 0 0
202 0.50375 0 0
203 0.50625 0 0
204 0.50875 0 0
205 0.51125 0 0
206 0.51375 0 0
207 0.51625 0 0
208 0.51875 0 0
209 0.52125 0 0
210 0.52375 0 0
211 0.52625 0 0
212 0.52875 0 0
213 0.53125 0 0
214 0.53375 0 0
215 0.53625 0 0
216 0.53875 0 0
217 0.54125 0 0
218 0.54375 0 0
219 0.54625 0 0
220 0.54875 0 0
221 0.55125 0 0
222 0.55375 0 0
223 0.55625 0 0
224 0.55875 0 0
225 0.56125 0 0
226 0.56375 0 0
227 0.56625 0 0
228 0.56875 0 0
229 0.57125 0 0
230 0.57375 0 0
231 0.57625 0 0
232 0.57875 0 0
233 0.58125 0 0
234 0.58375 0 0
235 0.58625 0 0
236 0.58875 0 0
237 0.59125 0 0
238 0.59375 0 0
239 0.59625 0 0
240 0.59875 0 0
241 0.60125 0 0
242 0.60375 0 0
243 0.60625 0 0
244 0.60875 0 0
245 0.61125 0 0
246 0.61375 0 0
247 0.61625 0 0
248 0.61875 0 0
249 0.62125 0 0
250 0.62375 0 0
251 0.62625 0 0
252 0.62875 0 0
253 0.63125 0 0
254 0.63375 0 0
255 0.63625 0 0
256 0.63875 0 0
257 0.64125 0 0
258 0.64375 0 0
259 0.64625 0 0
260 0.64875 0 0
261 0.65125 0 0
262 0.65375 0 0
263 0.65625 0 0
264 0.65875 0 0
265 0.66125 0 0
266 0.66375 0 0
267 0.66625 0 0
268 0.66875 0 0
269 0.67125 0 0
270 0.67375 0 0
271 0.67625 0 0
272 0.67875 0 0
273 0.68125 0 0
274 0.68375 0 0
275 0.68625 0 0
276 0.68875 0 0
277 0.69125 0 0
278 0.69375 0 0
279 0.69625 0 0
280 0.69875 0 0
281 0.70125 0 0
282 0.70375 0 0
283 0.70625 0 0
284 0.70875 0 0
285 0.71125 0 0
286 0.71375 0 0
287 0.71625 0 0
288 0.71875 0 0
289 0.72125 0 0
290 0.72375 0 0
291 0.72625 0 0
292 0.72875 0 0
293 0.73125 0 0
294 0.73375 0 0
295 0.73625 0 0
296 0.73875 0 0
297 0.74125 0 0
298 0.74375 0 0
299 0.74625 0 0
300 0.74875 0 0
301 0.75125 0 0
302 0.75375 0 0
303 0.75625 0 0
304 0.75875 0 0
305 0.76125 0 0
306 0.76375 0 0
307 0.76625 0 0
308 0.76875 0 0
309 0.77125 0 0
310 0.77375 0 0
311 0.77625 0 0
312 0.77875 0 0
313 0.78125 0 0
314 0.78375 0 0
315 0.78625 0 0
316 0.78875 0 0
317 0.79125 0 0
318 0.79375 0 0
319 0.79625 0 0
320 0.79875 0 0
321 0.80125 0 0
322 0.80375 0 0
323 0.80625 0 0
324 0.80875 0 0
325 0.81125 0 0
326 0.81375 0 0
327 0.81625 0 0
328 0.81875 0 0
329 0.82125 0 0
330 0.82375 0 0
331 0.82625 0 0
332 0.82875 0 0
333 0.83125 0 0
334 0.83375 0 0
335 0.83625 0 0
336 0.83875 0 0
337 0.84125 0 0
338 0.84375 0 0
339 0.84625 0 0
340 0.84875 0 0
341 0.85125 0 0
342 0.85375 0 0
343 0.85625 0 0
344 0.85875 0 0
345 0.86125 0 0
346 0.86375 0 0
347 0.86625 0 0
348 0.86875 0 0
349 0.87125 0 0
350 0.87375 0 0
351 0.87625 0 0
352 0.87875 0 0
353 0.88125 0 0
354 0.88375 0 0
355 0.88625 0 0
356 0.88875 0 0
357 0.89125 0 0
358 0.89375 0 0
359 0.89625 0 0
360 0.89875 0 0
361 0.90125 0 0
362 0.90375 0 0
363 0.90625 0 0
364 0.90875 0 0
365 0.91125 0 0
366 0.91375 0 0
367 0.91625 0 0
368 0.91875 0 0
369 0.92125 0 0
370 0.92375 0 0
371 0.92625 0 0
372 0.92875 0 0
373 0.93125 0 0
374 0.93375 0 0
375 0.93625 0 0
376 0.93875 0 0
377 0.94125 0 0
378 0.94375 0 0
379 0.94625 0 0
380 0.94875 0 0
381 0.95125 0 0
382 0.95375 0 0
383 0.95625 0 0
384 0.95875 0 0
385 0.96125 0 0
386 0.96375 0 0
387 0.96625 0 0
388 0.96875 0 0
389 0.97125 0 0
390 0.97375 0 0
391 0.97625 0 0
392 0.97875 0 0
393 0.98125 0 0
394 0.98375 0 0
395 0.98625 0 0
396 0.98875 0 0
397 0.99125 0 0
398 0.99375 0 0
399 0.99625 0 0
400 0.99875 0 0
401 1.00125 0 0
402 1.00375 0 0
403 1.00625 0 0
404 1.00875 0 0
405 1.01125 0 0
406 1.01375 0 0
407 1.01625 0 0
408 1.01875 0 0
409 1.02125 0 0
410 1.02375 0 0
411 1.02625 0 0
412 1.02875 0 0
413 1.03125 0 0
414 1.03375 0 0
415 1.03625 0 0
416 1.03875 0 0
417 1.04125 0 0
418 1.04375 0 0
419 1.04625 0 0
420 1.04875 0 0
421 1.05125 0 0
422 1.05375 0 0
423 1.05625 0 0
424 1.05875 0 0
425 1.06125 0 0
426 1.06375 0 0
427 1.06625 0 0
428 1.06875 0 0
429 1.07125 0 0
430 1.07375 0 0
431 1.07625 0 0
432 1.07875 0 0
433 1.08125 0 0
434 1.08375 0 0
435 1.08625 0 0
436 1.08875 0 0
437 1.09125 0 0
438 1.09375 0 0
439 1.09625 0 0
440 1.09875 0 0
441 1.10125 0 0
442 1.10375 0 0
443 1.10625 0 0
444 1.10875 0 0
445 1.11125 0 0
446 1.11375 0 0
447 1.11625 0 0
448 1.11875 0 0
449 1.12125 0 0
450 1.12375 0 0
451 1.12625 0 0
452 1.12875 0 0
453 1.13125 0 0
454 1.13375 0 0
455 1.13625 0 0
456 1.13875 0 0
457 1.14125 0 0
458 1.14375 0 0
459 1.14625 0 0
460 1.14875 0 0
461 1.15125 0 0
462 1.15375 0 0
463 1.15625 0 0
464 1.15875 0 0
465 1.16125 0 0
466 1.16375 0 0
467 1.16625 0 0
468 1.16875 0 0
469 1.17125 0 0
470 1.17375 0 0
471 1.17625 0 0
472 1.17875 0 0
473 1.18125 0 0
474 1.18375 0 0
475 1.18625 0 0
476 1.18875 0 0
477 1.19125 0 0
478 1.19375 0 0
479 1.19625 0 0
480 1.19875 0 0
481 1.20125 0 0
482 1.20375 0 0
483 1.20625 0 0
484 1.20875 0 0
485 1.21125 0 0
486 1.21375 0 0
487 1.21625 0 0
488 1.21875 0 0
489 1.22125 0 0
490 1.22375 0 0
491 1.22625 0 0
492 1.22875 0 0
493 1.23125 0 0
494 1.23375 0 0
495 1.23625 0 0
496 1.23875 0 0
497 1.24125 0 0
498 1.24375 0 0
499 1.24625 0 0
500 1.24875 0 0
501 1.25125 0 0
502 1.25375 0 0
503 1.25625 0 0
504 1.25875 0 0
505 1.26125 0 0
506 1.26375 0 0
507 1.26625 0 0
508 1.26875 0 0
509 1.27125 0 0
510 1.27375 0 0
511 1.27625 0 0
512 1.27875 0 0
513 1.28125 0 0
514 1.28375 0 0
515 1.28625 0 0
516 1.28875 0 0
517 1.29125 0 0
518 1.29375 0 0
519 1.29625 0 0
520 1.29875 0 0
521 1.30125 0 0
522 1.30375 0 0
523 1.30625 0 0
524 1.30875 0 0
525 1.31125 0 0
526 1.31375 0 0
527 1.31625 0 0
528 1.31875 0 0
529 1.32125 0 0
530 1.32375 0 0
531 1.32625 0 0
532 1.32875 0 0
533 1.33125 0 0
534 1.33375 0 0
535 1.33625 0 0
536 1.33875 0 0
537 1.34125 0 0
538 1.34375 0 0
539 1.34625 0 0
540 1.34875 0 0
541 1.35125 0 0
542 1.35375 0 0
543 1.35625 0 0
544 1.35875 0 0
545 1.36125 0 0
546 1.36375 0 0
547 1.36625 0 0
548 1.36875 0 0
549 1.37125 0 0
550 1.37375 0 0
551 1.37625 0 0
552 1.37875 0 0
553 1.38125 0 0
554 1.38375 0 0
555 1.38625 0 0
556 1.38875 0 0
557 1.39125 0 0
558 1.39375 0 0
559 1.39625 0 0
560 1.39875 0 0
561 1.40125 0 0
562 1.40375 0 0
563 1.40625 0 0
564 1.40875 0 0
565 1.41125 0 0
566 1.41375 0 0
567 1.41625 0 0
568 1.41875 0 0
569 1.42125 0 0
570 1.42375 0 0
571 1.42625 0 0
572 1.42875 0 0
573 1.43125 0 0
574 1.43375 0 0
575 1.43625 0 0
576 1.43875 0 0
577 1.44125 0 0
578 1.44375 0 0
579 1.44625 0 0
580 1.44875 0 0
581 1.45125 0 0
582 1.45375 0 0
583 1.45625 0 0
584 1.45875 0 0
585 1.46125 0 0
586 1.46375 0 0
587 1.46625 0 0
588 1.46875 0 0
589 1.47125 0 0
590 1.47375 0 0
591 1.47625 0 0
592 1.47875 0 0
593 1.48125 0 0
594 1.48375 0 0
595 1.48625 0 0
596 1.48875 0 0
597 1.49125 0 0
598 1.49375 0 0
599 1.49625 0 0
600 1.49875 0 0
601 1.50125 0 0
602 1.50375 0 0
603 1.50625 0 0
604 1.50875 0 0
605 1.51125 0 0
606 1.51375 0 0
607 1.51625 0 0
608 1.51875 0 0
609 1.52125 0 0
610 1.52375 0 0
611 1.52625 0 0
612 1.52875 0 0
613 1.53125 0 0
614 1.53375 0 0
615 1.53625 0 0
616 1.53875 0 0
617 1.54125 0 0
618 1.54375 0 0
619 1.54625 0 0
620 1.54875 0 0
621 1.55125 0 0
622 1.55375 0 0
623 1.55625 0 0
624 1.55875 0 0
625 1.56125 0 0
626 1.56375 0 0
627 1.56625 0 0
628 1.56875 0 0
629 1.57125 0 0
630 1.57375 0 0
631 1.57625 0 0
632 1.57875 0 0
633 1.58125 0 0
634 1.58375 0 0
635 1.58625 0 0
636 1.58875 0 0
637 1.59125 0 0
638 1.59375 0 0
639 1.59625 0 0
640 1.59875 0 0
641 1.60125 0 0
642 1.60375 0 0
643 1.60625 0 0
644 1.60875 0 0
645 1.61125 0 0
646 1.61375 0 0
647 1.61625 0 0
648 1.61875 0 0
649 1.62125 0 0
650 1.62375 0 0
651 1.62625 0 0
652 1.62875 0 0
653 1.63125 0 0
654 1.63375 0 0
655 1.63625 0 0
656 1.63875 0 0
657 1.64125 0 0
658 1.64375 0 0
659 1.64625 0 0
660 1.64875 0 0
661 1.65125 0 0
662 1.65375 0 0
663 1.65625 0 0
664 1.65875 0 0
665 1.66125 0 0
666 1.66375 0 0
667 1.66625 0 0
668 1.66875 0 0
669 1.67125 0 0
670 1.67375 0 0
671 1.67625 0 0
672 1.67875 0 0
673 1.68125 0 0
674 1.68375 0 0
675 1.68625 0 0
676 1.68875 0 0
677 1.69125 0 0
678 1.69375 0 0
679 1.69625 0 0
680 1.69875 0 0
681 1.70125 0 0
682 1.70375 0 0
683 1.70625 0 0
684 1.70875 0 0
685 1.71125 0 0
686 1.71375 0 0
687 1.71625 0 0
688 1.71875 0 0
689 1.72125 0 0
690 1.72375 0 0
691 1.72625 0 0
692 1.72875 0 0
693 1.73125 0 0
694 1.73375 0 0
695 1.73625 0 0
696 1.73875 0 0
697 1.74125 0 0
698 1.74375 0 0
699 1.74625 0 0
700 1.74875 0 0
701 1.75125 0 0
702 1.75375 0 0
703 1.75625 0 0
704 1.75875 0 0
705 1.76125 0 0
706 1.76375 0 0
707 1.76625 0 0
708 1.76875 0 0
709 1.77125 0 0
710 1.77375 0 0
711 1.77625 0 0
712 1.77875 0 0
713 1.78125 0 0
714 1.78375 0 0
715 1.78625 0 0
716 1.78875 0 0
717 1.79125 0 0
718 1.79375 0 0
719 1.79625 0 0
720 1.79875 0 0
721 1.80125 0 0
722 1.80375 0 0
723 1.80625 0 0
724 1.80875 0 0
725 1.81125 0 0
726 1.81375 0 0
727 1.81625 0 0
728 1.81875 0 0
729 1.82125 0 0
730 1.82375 0 0
731 1.82625 0 0
732 1.82875 0 0
733 1.83125 0 0
734 1.83375 0 0
735 1.83625 0 0
736 1.83875 0 0
737 1.84125 0 0
738 1.84375 0 0
739 1.84625 0 0
740 1.84875 0 0
741 1.85125 0 0
742 1.85375 0 0
743 1.85625 0 0
744 1.85875 0 0
745 1.86125 0 0
746 1.86375 0 0
747 1.86625 0 0
748 1.86875 0 0
749 1.87125 0 0
750 1.87375 0 0
751 1.87625 0 0
752 1.87875 0 0
753 1.88125 0 0
754 1.88375 0 0
755 1.88625 0 0
756 1.88875 0 0
757 1.89125 0 0
758 1.89375 0 0
759 1.89625 0 0
760 1.89875 0 0
761 1.90125 0 0
762 1.90375 0 0
763 1.90625 0 0
764 1.90875 0 0
765 1.91125 0 0
766 1.91375 0 0
767 1.91625 0 0
768 1.91875 0 0
769 1.92125 0 0
770 1.92375 0 0
771 1.92625 0 0
772 1.92875 0 0
773 1.93125 0 0
774 1.93375 0 0
775 1.93625 0 0
776 1.93875 0 0
777 1.94125 0 0
778 1.94375 0 0
779 1.94625 0 0
780 1.94875 0 0
781 1.95125 0 0
782 1.95375 0 0
783 1.95625 0 0
784 1.95875 0 0
785 1.96125 0 0
786 1.96375 0 0
787 1.96625 0 0
788 1.96875 0 0
789 1.97125 0 0
790 1.97375 0 0
791 1.97625 0 0
792 1.97875 0 0
793 1.98125 0 0
794 1.98375 0 0
795 1.98625 0 0
796 1.98875 0 0
797 1.99125 0 0
798 1.99375 0 0
799 1.99625 0 0
800 1.99875 0 0
801 2.00125 0 0
802 2.00375 0 0
803 2.00625 0 0
804 2.00875 0 0
805 2.01125 0 0
806 2.01375 0 0
807 2.01625 0 0
808 2.01875 0 0
809 2.02125 0 0
810 2.02375 0 0
811 2.02625 0 0
812 2.02875 0 0
813 2.03125 0 0
814 2.03375 0 0
815 2.03625 0 0
816 2.03875 0 0
817 2.04125 0 0
818 2.04375 0 0
819 2.04625 0 0
820 2.04875 0 0
821 2.05125 0 0
822 2.05375 0 0
823 2.05625 0 0
824 2.05875 0 0
825 2.06125 0 0
826 2.06375 0 0
827 2.06625 0 0
828 2.06875 0 0
829 2.07125 0 0
830 2.07375 0 0
831 2.07625 0 0
832 2.07875 0 0
833 2.08125 0 0
834 2.08375 0 0
835 2.08625 0 0
836 2.08875 0 0
837 2.09125 0 0
838 2.09375 0 0
839 2.09625 0 0
840 2.09875 0 0
841 2.10125 0 0
842 2.10375 0 0
843 2.10625 0 0
844 2.10875 0 0
845 2.11125 0 0
846 2.11375 0 0
847 2.11625 0 0
848 2.11875 0 0
849 2.12125 0 0
850 2.12375 0 0
851 2.12625 0 0
852 2.12875 0 0
853 2.13125 0 0
854 2.13375 0 0
855 2.13625 0 0
856 2.13875 0 0
857 2.14125 0 0
858 2.14375 0 0
859 2.14625 0 0
860 2.14875 0 0
861 2.15125 0 0
862 2.15375 0 0
863 2.15625 0 0
864 2.15875 0 0
865 2.16125 0 0
866 2.16375 0 0
867 2.16625 0 0
868 2.16875 0 0
869 2.17125 0 0
870 2.17375 0 0
871 2.17625 0 0
872 2.17875 0 0
873 2.18125 0 0
874 2.18375 0 0
875 2.18625 0 0
876 2.18875 0 0
877 2.19125 0 0
878 2.19375 0 0
879 2.19625 0 0
880 2.19875 0 0
881 2.20125 0 0
882 2.20375 0 0
883 2.20625 0 0
884 2.20875 0 0
885 2.21125 0 0
886 2.21375 0 0
887 2.21625 0 0
888 2.21875 0 0
889 2.22125 0 0
890 2.22375 0 0
891 2.22625 0 0
892 2.22875 0 0
893 2.23125 0 0
894 2.23375 0 0
895 2.23625 0 0
896 2.23875 0 0
897 2.24125 0 0
898 2.24375 0 0
899 2.24625 0 0
900 2.24875 0 0
901 2.25125 0 0
902 2.25375 0 0
903 2.25625 0 0
904 2.25875 0 0
905 2.26125 0 0
906 2.26375 0 0
907 2.26625 0 0
908 2.26875 0 0
909 2.27125 0 0
910 2.27375 0 0
911 2.27625 0 0
912 2.27875 0 0
913 2.28125 0 0
914 2.28375 0 0
915 2.28625 0 0
916 2.28875 0 0
917 2.29125 0 0
918 2.29375 0 0
919 2.29625 0 0
920 2.29875 0 0
921 2.30125 0 0
922 2.30375 0 0
923 2.30625 0 0
924 2.30875 0 0
925 2.31125 0 0
926 2.31375 0 0
927 2.31625 0 0
928 2.31875 0 0
929 2.32125 0 0
930 2.32375 0 0
931 2.32625 0 0
932 2.32875 0 0
933 2.33125 0 0
934 2.33375 0 0
935 2.33625 0 0
936 2.33875 0 0
937 2.34125 0 0
938 2.34375 0 0
939 2.34625 0 0
940 2.34875 0 0
941 2.35125 0 0
942 2.35375 0 0
943 2.35625 0 0
944 2.35875 0 0
945 2.36125 0 0
946 2.36375 0 0
947 2.36625 0 0
948 2.36875 0 0
949 2.37125 0 0
950 2.37375 0 0
951 2.37625 0 0
952 2.37875 0 0
953 2.38125 0 0
954 2.38375 0 0
955 2.38625 0 0
956 2.38875 0 0
957 2.39125 0 0
958 2.39375 0 0
959 2.39625 0 0
960 2.39875 0 0
961 2.40125 0 0
962 2.40375 0 0
963 2.40625 0 0
964 2.40875 0 0
965 2.41125 0 0
966 2.41375 0 0
967 2.41625 0 0
968 2.41875 0 0
969 2.42125 0 0
970 2.42375 0 0
971 2.42625 0 0
972 2.42875 0 0
973 2.43125 0 0
974 2.43375 0 0
975 2.43625 0 0
976 2.43875 0 0
977 2.44125 0 0
978 2.44375 0 0
979 2.44625 0 0
980 2.44875 0 0
981 2.45125 0 0
982 2.45375 0 0
983 2.45625 0 0
984 2.45875 0 0
985 2.46125 0 0
986 2.46375 0 0
987 2.46625 0 0
988 2.46875 0 0
989 2.47125 0 0
990 2.47375 0 0
991 2.47625 0 0
992 2.47875 0 0
993 2.48125 0 0
994 2.48375 0 0
995 2.48625 0 0
996 2.48875 0 0
997 2.49125 0 0
998 2.49375 0 0
999 2.49625 0 0
1000 2.49875 0 0
1001 2.50125 0 0
1002 2.50375 0 0
1003 2.50625 0 0
1004 2.50875 0 0
1005 2.51125 0 0
1006 2.51375 0 0
1007 2.51625 0 0
1008 2.51875 0 0
1009 2.52125 0 0
1010 2.52375 0 0
1011 2.52625 0 0
1012 2.52875 0 0
1013 2.53125 0 0
1014 2.53375 0 0
1015 2.53625 0 0
1016 2.53875 0 0
1017 2.54125 0 0
1018 2.54375 0 0
1019 2.54625 0 0
1020 2.54875 0 0
1021 2.55125 0 0
1022 2.55375 0 0
1023 2.55625 0 0
1024 2.55875 0 0
1025 2.56125 0 0
1026 2.56375 0 0
1027 2.56625 0 0
1028 2.56875 0 0
1029 2.57125 0 0
1030 2.57375 0 0
1031 2.57625 0 0
1032 2.57875 0 0
1033 2.58125 0 0
1034 2.58375 0 0
1035 2.58625 0 0
1036 2.58875 0 0
1037 2.59125 0 0
1038 2.59375 0 0
1039 2.59625 0 0
1040 2.59875 0 0
1041 2.60125 0 0
1042 2.60375 0 0
1043 2.60625 0 0
1044 2.60875 0 0
1045 2.61125 0 0
1046 2.61375 0 0
1047 2.61625 0 0
1048 2.61875 0 0
1049 2.62125 0 0
1050 2.62375 0 0
1051 2.62625 0 0
1052 2.62875 0 0
1053 2.63125 0 0
1054 2.63375 0.117756 0.117756
1055 2.63625 0.117756 0.235513
1056 2.63875 0.117756 0.353269
1057 2.64125 0.117756 0.471026
1058 2.64375 0.117756 0.588782
1059 2.64625 0.117756 0.706539
1060 2.64875 0.117756 0.824295
1061 2.65125 0.223475 1.04777
1062 2.65375 0.223475 1.27124
1063 2.65625 0.223475 1.49472
1064 2.65875 0.223475 1.71819
1065 2.66125 0.223475 1.94167
1066 2.66375 0.223475 2.16514
1067 2.66625 0.223475 2.38862
1068 2.66875 0.223475 2.61209
1069 2.67125 0.223475 2.83557
1070 2.67375 0.223475 3.05904
1071 2.67625 0.223475 3.28252
1072 2.67875 0.223475 3.50599
1073 2.68125 0.223475 3.72947
1074 2.68375 0.223475 3.95294
1075 2.68625 0.223475 4.17641
1076 2.68875 0.223475 4.39989
1077 2.69125 0.223475 4.62336
1078 2.69375 0.223475 4.84684
1079 2.69625 0.223475 5.07031
1080 2.69875 0.223475 5.29379
1081 2.70125 0.223475 5.51726
1082 2.70375 0.223475 5.74074
1083 2.70625 0.223475 5.96421
1084 2.70875 0.295851 6.26006
1085 2.71125 0.295851 6.55591
1086 2.71375 0.295851 6.85176
1087 2.71625 0.295851 7.14761
1088 2.71875 0.295851 7.44347
1089 2.72125 0.367159 7.81062
1090 2.72375 0.367159 8.17778
1091 2.72625 0.367159 8.54494
1092 2.72875 0.367159 8.9121
1093 2.73125 0.367159 9.27926
1094 2.73375 0.367159 9.64642
1095 2.73625 0.367159 10.0136
1096 2.73875 0.367159 10.3807
1097 2.74125 0.367159 10.7479
1098 2.74375 0.367159 11.1151
1099 2.74625 0.424531 11.5396
1100 2.74875 0.424531 11.9641
1101 2.75125 0.424531 12.3887
1102 2.75375 0.424531 12.8132
1103 2.75625 0.476383 13.2896
1104 2.75875 0.476383 13.7659
1105 2.76125 0.476383 14.2423
1106 2.76375 0.476383 14.7187
1107 2.76625 0.476383 15.1951
1108 2.76875 0.520528 15.7156
1109 2.77125 0.520528 16.2362
1110 2.77375 0.520528 16.7567
1111 2.77625 0.520528 17.2772
1112 2.77875 0.520528 17.7977
1113 2.78125 0.565701 18.3634
1114 2.78375 0.565701 18.9291
1115 2.78625 0.603398 19.5325
1116 2.78875 0.603398 20.1359
1117 2.79125 0.645569 20.7815
1118 2.79375 0.645569 21.4271
1119 2.79625 0.645569 22.0726
1120 2.79875 0.645569 22.7182
1121 2.80125 0.734054 23.4523
1122 2.80375 0.803515 24.2558
1123 2.80625 0.836111 25.0919
1124 2.80875 0.836111 25.928
1125 2.81125 0.875637 26.8036
1126 2.81375 0.875637 27.6793
1127 2.81625 0.875637 28.5549
1128 2.81875 0.875637 29.4305
1129 2.82125 0.926433 30.357
1130 2.82375 0.958633 31.3156
1131 2.82625 1.02771 32.3433
1132 2.82875 1.05685 33.4002
1133 2.83125 1.07373 34.4739
1134 2.83375 1.1445 35.6184
1135 2.83625 1.1445 36.7629
1136 2.83875 1.18052 37.9434
1137 2.84125 1.24585 39.1893
1138 2.84375 1.34782 40.5371
1139 2.84625 1.41283 41.9499
1140 2.84875 1.41283 43.3627
1141 2.85125 1.44477 44.8075
1142 2.85375 1.5017 46.3092
1143 2.85625 1.5017 47.8109
1144 2.85875 1.52738 49.3383
1145 2.86125 1.54929 50.8876
1146 2.86375 1.59432 52.4819
1147 2.86625 1.6188 54.1007
1148 2.86875 1.68769 55.7884
1149 2.87125 1.68769 57.4761
1150 2.87375 1.73572 59.2118
1151 2.87625 1.78953 61.0013
1152 2.87875 1.84038 62.8417
1153 2.88125 1.92204 64.7637
1154 2.88375 1.97661 66.7404
1155 2.88625 2.02818 68.7685
1156 2.88875 2.09917 70.8677
1157 2.89125 2.17436 73.0421
1158 2.89375 2.23332 75.2754
1159 2.89625 2.27419 77.5496
1160 2.89875 2.31753 79.8671
1161 2.90125 2.38821 82.2553
1162 2.90375 2.42277 84.6781
1163 2.90625 2.42277 87.1009
1164 2.90875 2.48756 89.5884
1165 2.91125 2.58133 92.1698
1166 2.91375 2.59486 94.7646
1167 2.91625 2.61292 97.3775
1168 2.91875 2.67026 100.048
1169 2.92125 2.72059 102.768
1170 2.92375 2.74759 105.516
1171 2.92625 2.74759 108.264
1172 2.92875 2.75396 111.018
1173 2.93125 2.76794 113.785
1174 2.93375 2.79523 116.581
1175 2.93625 2.80716 119.388
1176 2.93875 2.86924 122.257
1177 2.94125 2.91726 125.174
1178 2.94375 2.9521 128.126
1179 2.94625 2.98082 131.107
1180 2.94875 3.00829 134.116
1181 2.95125 3.03922 137.155
1182 2.95375 3.07724 140.232
1183 2.95625 3.08943 143.321
1184 2.95875 3.14703 146.468
1185 2.96125 3.20215 149.671
1186 2.96375 3.21746 152.888
1187 2.96625 3.2447 156.133
1188 2.96875 3.25424 159.387
1189 2.97125 3.28068 162.668
1190 2.97375 3.31288 165.981
1191 2.97625 3.34672 169.327
1192 2.97875 3.3638 172.691
1193 2.98125 3.37866 176.07
1194 2.98375 3.47114 179.541
1195 2.98625 3.52503 183.066
1196 2.98875 3.54215 186.608
1197 2.99125 3.60496 190.213
1198 2.99375 3.65126 193.864
1199 2.99625 3.68623 197.551
1200 2.99875 3.69268 201.243
1201 3.00125 3.7255 204.969
1202 3.00375 3.7565 208.725
1203 3.00625 3.78234 212.508
1204 3.00875 3.80452 216.312
1205 3.01125 3.86311 220.175
1206 3.01375 3.86448 224.04
1207 3.01625 3.90184 227.941
1208 3.01875 3.91588 231.857
1209 3.02125 3.91727 235.775
1210 3.02375 3.94309 239.718
1211 3.02625 3.95379 243.672
1212 3.02875 4.01232 247.684
1213 3.03125 4.04415 251.728
1214 3.03375 4.07629 255.804
1215 3.03625 4.07416 259.878
1216 3.03875 4.10593 263.984
1217 3.04125 4.12481 268.109
1218 3.04375 4.17306 272.282
1219 3.04625 4.2061 276.488
1220 3.04875 4.2179 280.706
1221 3.05125 4.232 284.938
1222 3.05375 4.27071 289.209
1223 3.05625 4.27799 293.487
1224 3.05875 4.30016 297.787
1225 3.06125 4.3292 302.116
1226 3.06375 4.34188 306.458
1227 3.06625 4.39014 310.848
1228 3.06875 4.4259 315.274
1229 3.07125 4.45674 319.731
1230 3.07375 4.44439 324.175
1231 3.07625 4.49035 328.666
1232 3.07875 4.51623 333.182
1233 3.08125 4.52411 337.706
1234 3.08375 4.54891 342.255
1235 3.08625 4.5754 346.83
1236 3.08875 4.58511 351.415
1237 3.09125 4.61298 356.028
1238 3.09375 4.61897 360.647
1239 3.09625 4.62169 365.269
1240 3.09875 4.6145 369.884
1241 3.10125 4.63914 374.523
1242 3.10375 4.67672 379.199
1243 3.10625 4.69998 383.899
1244 3.10875 4.72412 388.624
1245 3.11125 4.73519 393.359
1246 3.11375 4.76423 398.123
1247 3.11625 4.74909 402.872
1248 3.11875 4.76352 407.636
1249 3.12125 4.76349 412.399
1250 3.12375 4.78348 417.183
1251 3.12625 4.80435 421.987
1252 3.12875 4.83323 426.82
1253 3.13125 4.84779 431.668
1254 3.13375 4.88266 436.551
1255 3.13625 4.90947 441.46
1256 3.13875 4.9125 446.373
1257 3.14125 4.91505 451.288
1258 3.14375 4.91537 456.203
1259 3.14625 4.93037 461.133
1260 3.14875 4.94537 466.079
1261 3.15125 4.95704 471.036
1262 3.15375 4.98206 476.018
1263 3.15625 4.98657 481.004
1264 3.15875 5.01172 486.016
1265 3.16125 5.03548 491.052
1266 3.16375 5.0495 496.101
1267 3.16625 5.06404 501.165
1268 3.16875 5.07281 506.238
1269 3.17125 5.08383 511.322
1270 3.17375 5.09614 516.418
1271 3.17625 5.08807 521.506
1272 3.17875 5.09383 526.6
1273 3.18125 5.09353 531.693
1274 3.18375 5.10291 536.796
1275 3.18625 5.10915 541.905
1276 3.18875 5.11562 547.021
1277 3.19125 5.12259 552.144
1278 3.19375 5.10527 557.249
1279 3.19625 5.15857 562.407
1280 3.19875 5.16354 567.571
1281 3.20125 5.15371 572.725
1282 3.20375 5.19299 577.918
1283 3.20625 5.19757 583.115
1284 3.20875 5.20573 588.321
1285 3.21125 5.19898 593.52
1286 3.21375 5.18485 598.705
1287 3.21625 5.19715 603.902
1288 3.21875 5.21376 609.116
1289 3.22125 5.21987 614.336
1290 3.22375 5.21979 619.555
1291 3.22625 5.19017 624.746
1292 3.22875 5.18917 629.935
1293 3.23125 5.16862 635.103
1294 3.23375 5.17437 640.278
1295 3.23625 5.19206 645.47
1296 3.23875 5.17991 650.65
1297 3.24125 5.14102 655.791
1298 3.24375 5.13484 660.926
1299 3.24625 5.13212 666.058
1300 3.24875 5.13559 671.193
1301 3.25125 5.12989 676.323
1302 3.25375 5.12603 681.449
1303 3.25625 5.13789 686.587
1304 3.25875 5.15181 691.739
1305 3.26125 5.13071 696.87
1306 3.26375 5.13245 702.002
1307 3.26625 5.12998 707.132
1308 3.26875 5.1485 712.281
1309 3.27125 5.16608 717.447
1310 3.27375 5.14405 722.591
1311 3.27625 5.13811 727.729
1312 3.27875 5.13537 732.864
1313 3.28125 5.13506 737.999
1314 3.28375 5.12776 743.127
1315 3.28625 5.10796 748.235
1316 3.28875 5.11052 753.345
1317 3.29125 5.1055 758.451
1318 3.29375 5.09668 763.548
1319 3.29625 5.09572 768.643
1320 3.29875 5.09517 773.739
1321 3.30125 5.08698 778.826
1322 3.30375 5.07318 783.899
1323 3.30625 5.08821 788.987
1324 3.30875 5.09925 794.086
1325 3.31125 5.10543 799.192
1326 3.31375 5.10914 804.301
1327 3.31625 5.07738 809.378
1328 3.31875 5.07519 814.453
1329 3.32125 5.04769 819.501
1330 3.32375 5.04606 824.547
1331 3.32625 5.01406 829.561
1332 3.32875 5.03481 834.596
1333 3.33125 5.03131 839.627
1334 3.33375 5.02214 844.649
1335 3.33625 5.01553 849.665
1336 3.33875 4.99791 854.663
1337 3.34125 4.97176 859.635
1338 3.34375 4.98083 864.615
1339 3.34625 4.97379 869.589
1340 3.34875 4.98149 874.571
1341 3.35125 4.96786 879.539
1342 3.35375 4.96793 884.506
1343 3.35625 4.97868 889.485
1344 3.35875 4.95019 894.435
1345 3.36125 4.93348 899.369
1346 3.36375 4.93149 904.3
1347 3.36625 4.92194 909.222
1348 3.36875 4.91583 914.138
1349 3.37125 4.90161 919.04
1350 3.37375 4.89283 923.933
1351 3.37625 4.88018 928.813
1352 3.37875 4.88958 933.702
1353 3.38125 4.89485 938.597
1354 3.38375 4.90019 943.497
1355 3.38625 4.86379 948.361
1356 3.38875 4.86048 953.222
1357 3.39125 4.82253 958.044
1358 3.39375 4.80503 962.849
1359 3.39625 4.79642 967.646
1360 3.39875 4.79639 972.442
1361 3.40125 4.79862 977.241
1362 3.40375 4.76805 982.009
1363 3.40625 4.76396 986.773
1364 3.40875 4.74835 991.521
1365 3.41125 4.72271 996.244
1366 3.41375 4.70938 1000.95
1367 3.41625 4.71359 1005.67
1368 3.41875 4.70838 1010.38
1369 3.42125 4.71019 1015.09
1370 3.42375 4.69036 1019.78
1371 3.42625 4.68248 1024.46
1372 3.42875 4.66766 1029.13
1373 3.43125 4.65727 1033.78
1374 3.43375 4.64842 1038.43
1375 3.43625 4.63676 1043.07
1376 3.43875 4.62399 1047.69
1377 3.44125 4.62012 1052.31
1378 3.44375 4.5834 1056.9
1379 3.44625 4.55836 1061.45
1380 3.44875 4.5578 1066.01
1381 3.45125 4.54708 1070.56
1382 3.45375 4.56293 1075.12
1383 3.45625 4.55937 1079.68
1384 3.45875 4.55376 1084.23
1385 3.46125 4.52791 1088.76
1386 3.46375 4.51626 1093.28
1387 3.46625 4.47729 1097.76
1388 3.46875 4.44247 1102.2
1389 3.47125 4.43221 1106.63
1390 3.47375 4.42798 1111.06
1391 3.47625 4.41774 1115.48
1392 3.47875 4.4145 1119.89
1393 3.48125 4.38857 1124.28
1394 3.48375 4.38464 1128.66
1395 3.48625 4.38401 1133.05
1396 3.48875 4.35399 1137.4
1397 3.49125 4.33655 1141.74
1398 3.49375 4.3356 1146.07
1399 3.49625 4.33456 1150.41
1400 3.49875 4.3081 1154.72
1401 3.50125 4.33108 1159.05
1402 3.50375 4.32548 1163.37
1403 3.50625 4.29229 1167.67
1404 3.50875 4.29476 1171.96
1405 3.51125 4.2984 1176.26
1406 3.51375 4.28424 1180.54
1407 3.51625 4.26819 1184.81
1408 3.51875 4.26417 1189.08
1409 3.52125 4.24604 1193.32
1410 3.52375 4.25228 1197.57
1411 3.52625 4.27284 1201.85
1412 3.52875 4.25314 1206.1
1413 3.53125 4.24402 1210.34
1414 3.53375 4.24763 1214.59
1415 3.53625 4.24013 1218.83
1416 3.53875 4.24381 1223.08
1417 3.54125 4.22276 1227.3
1418 3.54375 4.21318 1231.51
1419 3.54625 4.2073 1235.72
1420 3.54875 4.21183 1239.93
1421 3.55125 4.20688 1244.14
1422 3.55375 4.21238 1248.35
1423 3.55625 4.19604 1252.55
1424 3.55875 4.20903 1256.76
1425 3.56125 4.20515 1260.96
1426 3.56375 4.19512 1265.16
1427 3.56625 4.17371 1269.33
1428 3.56875 4.13537 1273.46
1429 3.57125 4.13593 1277.6
1430 3.57375 4.11886 1281.72
1431 3.57625 4.11224 1285.83
1432 3.57875 4.09369 1289.93
1433 3.58125 4.08961 1294.01
1434 3.58375 4.08284 1298.1
1435 3.58625 4.08115 1302.18
1436 3.58875 4.06481 1306.24
1437 3.59125 4.06534 1310.31
1438 3.59375 4.04652 1314.36
1439 3.59625 4.05213 1318.41
1440 3.59875 4.05138 1322.46
1441 3.60125 4.04499 1326.5
1442 3.60375 4.0431 1330.55
1443 3.60625 4.0351 1334.58
1444 3.60875 4.01714 1338.6
1445 3.61125 4.02098 1342.62
1446 3.61375 4.04493 1346.67
1447 3.61625 4.04911 1350.71
1448 3.61875 4.02673 1354.74
1449 3.62125 4.00916 1358.75
1450 3.62375 3.98487 1362.74
1451 3.62625 3.96829 1366.7
1452 3.62875 3.96722 1370.67
1453 3.63125 3.94196 1374.61
1454 3.63375 3.93637 1378.55
1455 3.63625 3.92728 1382.48
1456 3.63875 3.92968 1386.41
1457 3.64125 3.92798 1390.33
1458 3.64375 3.90072 1394.23
1459 3.64625 3.88765 1398.12
1460 3.64875 3.88835 1402.01
1461 3.65125 3.85564 1405.87
1462 3.65375 3.86508 1409.73
1463 3.65625 3.88152 1413.61
1464 3.65875 3.86478 1417.48
1465 3.66125 3.85303 1421.33
1466 3.66375 3.83882 1425.17
1467 3.66625 3.81436 1428.98
1468 3.66875 3.80526 1432.79
1469 3.67125 3.79586 1436.59
1470 3.67375 3.77085 1440.36
1471 3.67625 3.77487 1444.13
1472 3.67875 3.76272 1447.89
1473 3.68125 3.74251 1451.64
1474 3.68375 3.71562 1455.35
1475 3.68625 3.71493 1459.07
1476 3.68875 3.70955 1462.78
1477 3.69125 3.67953 1466.46
1478 3.69375 3.66779 1470.12
1479 3.69625 3.6634 1473.79
1480 3.69875 3.64659 1477.43
1481 3.70125 3.64388 1481.08
1482 3.70375 3.63469 1484.71
1483 3.70625 3.63065 1488.34
1484 3.70875 3.61318 1491.96
1485 3.71125 3.5993 1495.56
1486 3.71375 3.58693 1499.14
1487 3.71625 3.57847 1502.72
1488 3.71875 3.56926 1506.29
1489 3.72125 3.56408 1509.85
1490 3.72375 3.52993 1513.38
1491 3.72625 3.51464 1516.9
1492 3.72875 3.51285 1520.41
1493 3.73125 3.51188 1523.92
1494 3.73375 3.50653 1527.43
1495 3.73625 3.49746 1530.93
1496 3.73875 3.47702 1534.4
1497 3.74125 3.47233 1537.88
1498 3.74375 3.44274 1541.32
1499 3.74625 3.43513 1544.75
1500 3.74875 3.43611 1548.19
1501 3.75125 3.39486 1551.59
1502 3.75375 3.39709 1554.98
1503 3.75625 3.39304 1558.38
1504 3.75875 3.39352 1561.77
1505 3.76125 3.38096 1565.15
1506 3.76375 3.37492 1568.52
1507 3.76625 3.36973 1571.89
1508 3.76875 3.36061 1575.26
1509 3.77125 3.35562 1578.61
1510 3.77375 3.33952 1581.95
1511 3.77625 3.3235 1585.27
1512 3.77875 3.31403 1588.59
1513 3.78125 3.3134 1591.9
1514 3.78375 3.31359 1595.21
1515 3.78625 3.32587 1598.54
1516 3.78875 3.32587 1601.87
1517 3.79125 3.31074 1605.18
1518 3.79375 3.30666 1608.48
1519 3.79625 3.29893 1611.78
1520 3.79875 3.29988 1615.08
1521 3.80125 3.28816 1618.37
1522 3.80375 3.29201 1621.66
1523 3.80625 3.30007 1624.96
1524 3.80875 3.30023 1628.26
1525 3.81125 3.29237 1631.56
1526 3.81375 3.27552 1634.83
1527 3.81625 3.26602 1638.1
1528 3.81875 3.25611 1641.35
1529 3.82125 3.24817 1644.6
1530 3.82375 3.24671 1647.85
1531 3.82625 3.25705 1651.11
1532 3.82875 3.25007 1654.36
1533 3.83125 3.24016 1657.6
1534 3.83375 3.23675 1660.83
1535 3.83625 3.24416 1664.08
1536 3.83875 3.24234 1667.32
1537 3.84125 3.21771 1670.54
1538 3.84375 3.1931 1673.73
1539 3.84625 3.17752 1676.91
1540 3.84875 3.17595 1680.08
1541 3.85125 3.12382 1683.21
1542 3.85375 3.1156 1686.32
1543 3.85625 3.10223 1689.42
1544 3.85875 3.10937 1692.53
1545 3.86125 3.0924 1695.63
1546 3.86375 3.08187 1698.71
1547 3.86625 3.07155 1701.78
1548 3.86875 3.06399 1704.84
1549 3.87125 3.05338 1707.9
1550 3.87375 3.04989 1710.95
1551 3.87625 3.0448 1713.99
1552 3.87875 3.04197 1717.03
1553 3.88125 3.04115 1720.08
1554 3.88375 3.04593 1723.12
1555 3.88625 3.04087 1726.16
1556 3.88875 3.02899 1729.19
1557 3.89125 3.02149 1732.21
1558 3.89375 3.00348 1735.22
1559 3.89625 2.97683 1738.19
1560 3.89875 2.97621 1741.17
1561 3.90125 2.97055 1744.14
1562 3.90375 2.96901 1747.11
1563 3.90625 2.9726 1750.08
1564 3.90875 2.97367 1753.05
1565 3.91125 2.95994 1756.01
1566 3.91375 2.965 1758.98
1567 3.91625 2.96528 1761.94
1568 3.91875 2.96851 1764.91
1569 3.92125 2.95975 1767.87
1570 3.92375 2.96408 1770.84
1571 3.92625 2.9783 1773.82
1572 3.92875 3.00306 1776.82
1573 3.93125 2.99525 1779.81
1574 3.93375 2.97696 1782.79
1575 3.93625 2.95899 1785.75
1576 3.93875 2.94239 1788.69
1577 3.94125 2.94133 1791.63
1578 3.94375 2.94116 1794.57
1579 3.94625 2.94421 1797.52
1580 3.94875 2.93379 1800.45
1581 3.95125 2.92858 1803.38
1582 3.95375 2.92112 1806.3
1583 3.95625 2.91755 1809.22
1584 3.95875 2.91199 1812.13
1585 3.96125 2.90254 1815.03
1586 3.96375 2.88958 1817.92
1587 3.96625 2.88306 1820.81
1588 3.96875 2.87344 1823.68
1589 3.97125 2.87992 1826.56
1590 3.97375 2.85207 1829.41
1591 3.97625 2.85959 1832.27
1592 3.97875 2.8573 1835.13
1593 3.98125 2.84473 1837.97
1594 3.98375 2.8358 1840.81
1595 3.98625 2.8331 1843.64
1596 3.98875 2.82842 1846.47
1597 3.99125 2.81704 1849.29
1598 3.99375 2.80419 1852.09
1599 3.99625 2.80945 1854.9
1600 3.99875 2.80174 1857.7
1601 4.00125 2.79342 1860.5
1602 4.00375 2.79038 1863.29
1603 4.00625 2.78183 1866.07
1604 4.00875 2.77738 1868.85
1605 4.01125 2.77428 1871.62
1606 4.01375 2.76849 1874.39
1607 4.01625 2.763 1877.15
1608 4.01875 2.77537 1879.93
1609 4.02125 2.77537 1882.7
1610 4.02375 2.76869 1885.47
1611 4.02625 2.76351 1888.24
1612 4.02875 2.75646 1890.99
1613 4.03125 2.75646 1893.75
1614 4.03375 2.73762 1896.49
1615 4.03625 2.74891 1899.24
1616 4.03875 2.75255 1901.99
1617 4.04125 2.74878 1904.74
1618 4.04375 2.74528 1907.48
1619 4.04625 2.73967 1910.22
1620 4.04875 2.74148 1912.96
1621 4.05125 2.73427 1915.7
1622 4.05375 2.72308 1918.42
1623 4.05625 2.72198 1921.14
1624 4.05875 2.72087 1923.86
1625 4.06125 2.72111 1926.58
1626 4.06375 2.70748 1929.29
1627 4.06625 2.70856 1932
1628 4.06875 2.72326 1934.72
1629 4.07125 2.72005 1937.44
1630 4.07375 2.70639 1940.15
1631 4.07625 2.70779 1942.86
1632 4.07875 2.69762 1945.56
1633 4.08125 2.69551 1948.25
1634 4.08375 2.70764 1950.96
1635 4.08625 2.71577 1953.67
1636 4.08875 2.72022 1956.39
1637 4.09125 2.72199 1959.12
1638 4.09375 2.70506 1961.82
1639 4.09625 2.69929 1964.52
1640 4.09875 2.70096 1967.22
1641 4.10125 2.69594 1969.92
1642 4.10375 2.68868 1972.61
1643 4.10625 2.68282 1975.29
1644 4.10875 2.67331 1977.96
1645 4.11125 2.67383 1980.64
1646 4.11375 2.659 1983.3
1647 4.11625 2.65661 1985.95
1648 4.11875 2.64479 1988.6
1649 4.12125 2.65283 1991.25
1650 4.12375 2.6438 1993.89
1651 4.12625 2.64035 1996.53
1652 4.12875 2.62818 1999.16
1653 4.13125 2.63331 2001.8
1654 4.13375 2.62964 2004.42
1655 4.13625 2.63119 2007.06
1656 4.13875 2.63982 2009.7
1657 4.14125 2.61957 2012.32
1658 4.14375 2.62124 2014.94
1659 4.14625 2.61805 2017.55
1660 4.14875 2.61854 2020.17
1661 4.15125 2.62811 2022.8
1662 4.15375 2.61745 2025.42
1663 4.15625 2.60487 2028.02
1664 4.15875 2.57727 2030.6
1665 4.16125 2.57181 2033.17
1666 4.16375 2.57113 2035.74
1667 4.16625 2.56926 2038.31
1668 4.16875 2.56368 2040.88
1669 4.17125 2.55649 2043.43
1670 4.17375 2.57827 2046.01
1671 4.17625 2.55898 2048.57
1672 4.17875 2.56439 2051.13
1673 4.18125 2.56071 2053.7
1674 4.18375 2.55793 2056.25
1675 4.18625 2.55174 2058.81
1676 4.18875 2.53726 2061.34
1677 4.19125 2.53271 2063.88
1678 4.19375 2.53501 2066.41
1679 4.19625 2.52832 2068.94
1680 4.19875 2.51379 2071.45
1681 4.20125 2.51318 2073.97
1682 4.20375 2.51282 2076.48
1683 4.20625 2.50684 2078.99
1684 4.20875 2.51993 2081.51
1685 4.21125 2.5143 2084.02
1686 4.21375 2.50888 2086.53
1687 4.21625 2.50198 2089.03
1688 4.21875 2.49578 2091.53
1689 4.22125 2.49034 2094.02
1690 4.22375 2.49193 2096.51
1691 4.22625 2.48726 2099
1692 4.22875 2.48341 2101.48
1693 4.23125 2.48222 2103.96
1694 4.23375 2.4792 2106.44
1695 4.23625 2.47047 2108.91
1696 4.23875 2.46745 2111.38
1697 4.24125 2.4705 2113.85
1698 4.24375 2.46998 2116.32
1699 4.24625 2.47052 2118.79
1700 4.24875 2.48052 2121.27
1701 4.25125 2.47022 2123.74
1702 4.25375 2.4732 2126.21
1703 4.25625 2.46689 2128.68
1704 4.25875 2.46088 2131.14
1705 4.26125 2.45383 2133.59
1706 4.26375 2.4552 2136.05
1707 4.26625 2.46259 2138.51
1708 4.26875 2.46713 2140.98
1709 4.27125 2.47749 2143.46
1710 4.27375 2.45561 2145.91
1711 4.27625 2.45807 2148.37
1712 4.27875 2.45286 2150.82
1713 4.28125 2.45286 2153.28
1714 4.28375 2.46287 2155.74
1715 4.28625 2.46026 2158.2
1716 4.28875 2.46298 2160.66
1717 4.29125 2.45551 2163.12
1718 4.29375 2.45517 2165.57
1719 4.29625 2.45468 2168.03
1720 4.29875 2.45549 2170.48
1721 4.30125 2.46139 2172.95
1722 4.30375 2.45918 2175.4
1723 4.30625 2.46524 2177.87
1724 4.30875 2.46913 2180.34
1725 4.31125 2.46685 2182.81
1726 4.31375 2.46306 2185.27
1727 4.31625 2.4603 2187.73
1728 4.31875 2.46569 2190.19
1729 4.32125 2.4584 2192.65
1730 4.32375 2.46143 2195.11
1731 4.32625 2.46361 2197.58
1732 4.32875 2.46202 2200.04
1733 4.33125 2.45851 2202.5
1734 4.33375 2.45374 2204.95
1735 4.33625 2.45248 2207.4
1736 4.33875 2.45532 2209.86
1737 4.34125 2.441 2212.3
1738 4.34375 2.44193 2214.74
1739 4.34625 2.44223 2217.19
1740 4.34875 2.43813 2219.62
1741 4.35125 2.44002 2222.06
1742 4.35375 2.45199 2224.52
1743 4.35625 2.44816 2226.96
1744 4.35875 2.44902 2229.41
1745 4.36125 2.44478 2231.86
1746 4.36375 2.44608 2234.3
1747 4.36625 2.44447 2236.75
1748 4.36875 2.43863 2239.19
1749 4.37125 2.4349 2241.62
1750 4.37375 2.42173 2244.04
1751 4.37625 2.40202 2246.45
1752 4.37875 2.39945 2248.84
1753 4.38125 2.39709 2251.24
1754 4.38375 2.39423 2253.64
1755 4.38625 2.38774 2256.02
1756 4.38875 2.37992 2258.4
1757 4.39125 2.37854 2260.78
1758 4.39375 2.37636 2263.16
1759 4.39625 2.38204 2265.54
1760 4.39875 2.35784 2267.9
1761 4.40125 2.36043 2270.26
1762 4.40375 2.36043 2272.62
1763 4.40625 2.36625 2274.99
1764 4.40875 2.36868 2277.35
1765 4.41125 2.37059 2279.72
1766 4.41375 2.36808 2282.09
1767 4.41625 2.37258 2284.47
1768 4.41875 2.37176 2286.84
1769 4.42125 2.36052 2289.2
1770 4.42375 2.38029 2291.58
1771 4.42625 2.37655 2293.95
1772 4.42875 2.37701 2296.33
1773 4.43125 2.37873 2298.71
1774 4.43375 2.38226 2301.09
1775 4.43625 2.37475 2303.47
1776 4.43875 2.38302 2305.85
1777 4.44125 2.37805 2308.23
1778 4.44375 2.37805 2310.61
1779 4.44625 2.37805 2312.98
1780 4.44875 2.39919 2315.38
1781 4.45125 2.40003 2317.78
1782 4.45375 2.39704 2320.18
1783 4.45625 2.38903 2322.57
1784 4.45875 2.39499 2324.96
1785 4.46125 2.3881 2327.35
1786 4.46375 2.40637 2329.76
1787 4.46625 2.41048 2332.17
1788 4.46875 2.40936 2334.58
1789 4.47125 2.40667 2336.99
1790 4.47375 2.39904 2339.38
1791 4.47625 2.39266 2341.78
1792 4.47875 2.39045 2344.17
1793 4.48125 2.39315 2346.56
1794 4.48375 2.39393 2348.95
1795 4.48625 2.38199 2351.34
1796 4.48875 2.36887 2353.71
1797 4.49125 2.36887 2356.07
1798 4.49375 2.36471 2358.44
1799 4.49625 2.36271 2360.8
1800 4.49875 2.36952 2363.17
1801 4.50125 2.36863 2365.54
1802 4.50375 2.36504 2367.91
1803 4.50625 2.37067 2370.28
1804 4.50875 2.37142 2372.65
1805 4.51125 2.35552 2375
1806 4.51375 2.35061 2377.35
1807 4.51625 2.34915 2379.7
1808 4.51875 2.34655 2382.05
1809 4.52125 2.35493 2384.4
1810 4.52375 2.35229 2386.76
1811 4.52625 2.34995 2389.11
1812 4.52875 2.34616 2391.45
1813 4.53125 2.34803 2393.8
1814 4.53375 2.3357 2396.14
1815 4.53625 2.33504 2398.47
1816 4.53875 2.33172 2400.8
1817 4.54125 2.33334 2403.14
1818 4.54375 2.33196 2405.47
1819 4.54625 2.33351 2407.8
1820 4.54875 2.32642 2410.13
1821 4.55125 2.32101 2412.45
1822 4.55375 2.32597 2414.78
1823 4.55625 2.32497 2417.1
1824 4.55875 2.31176 2419.41
1825 4.56125 2.30209 2421.71
1826 4.56375 2.30145 2424.02
1827 4.56625 2.29928 2426.31
1828 4.56875 2.29267 2428.61
1829 4.57125 2.29046 2430.9
1830 4.57375 2.29248 2433.19
1831 4.57625 2.28835 2435.48
1832 4.57875 2.26118 2437.74
1833 4.58125 2.27792 2440.02
1834 4.58375 2.27695 2442.29
1835 4.58625 2.27044 2444.57
1836 4.58875 2.27538 2446.84
1837 4.59125 2.27038 2449.11
1838 4.59375 2.26913 2451.38
1839 4.59625 2.26824 2453.65
1840 4.59875 2.25211 2455.9
1841 4.60125 2.24985 2458.15
1842 4.60375 2.25421 2460.4
1843 4.60625 2.23315 2462.64
1844 4.60875 2.22667 2464.86
1845 4.61125 2.21589 2467.08
1846 4.61375 2.21283 2469.29
1847 4.61625 2.20779 2471.5
1848 4.61875 2.20548 2473.71
1849 4.62125 2.20553 2475.91
1850 4.62375 2.20697 2478.12
1851 4.62625 2.20613 2480.32
1852 4.62875 2.1986 2482.52
1853 4.63125 2.19089 2484.71
1854 4.63375 2.18596 2486.9
1855 4.63625 2.18935 2489.09
1856 4.63875 2.19591 2491.29
1857 4.64125 2.19633 2493.48
1858 4.64375 2.20288 2495.68
1859 4.64625 2.20983 2497.89
1860 4.64875 2.21719 2500.11
1861 4.65125 2.21528 2502.33
1862 4.65375 2.21425 2504.54
1863 4.65625 2.21756 2506.76
1864 4.65875 2.21728 2508.98
1865 4.66125 2.2136 2511.19
1866 4.66375 2.21498 2513.4
1867 4.66625 2.21621 2515.62
1868 4.66875 2.21039 2517.83
1869 4.67125 2.21242 2520.04
1870 4.67375 2.21242 2522.26
1871 4.67625 2.21578 2524.47
1872 4.67875 2.21578 2526.69
1873 4.68125 2.20174 2528.89
1874 4.68375 2.20492 2531.09
1875 4.68625 2.21032 2533.3
1876 4.68875 2.21299 2535.52
1877 4.69125 2.21413 2537.73
1878 4.69375 2.21304 2539.94
1879 4.69625 2.21419 2542.16
1880 4.69875 2.21607 2544.38
1881 4.70125 2.1975 2546.57
1882 4.70375 2.201 2548.77
1883 4.70625 2.20162 2550.98
1884 4.70875 2.19604 2553.17
1885 4.71125 2.19197 2555.36
1886 4.71375 2.19341 2557.56
1887 4.71625 2.18943 2559.75
1888 4.71875 2.18937 2561.94
1889 4.72125 2.19162 2564.13
1890 4.72375 2.19561 2566.32
1891 4.72625 2.19066 2568.51
1892 4.72875 2.19066 2570.7
1893 4.73125 2.19059 2572.89
1894 4.73375 2.19169 2575.09
1895 4.73625 2.17747 2577.26
1896 4.73875 2.16517 2579.43
1897 4.74125 2.16782 2581.6
1898 4.74375 2.16978 2583.77
1899 4.74625 2.17532 2585.94
1900 4.74875 2.17396 2588.12
1901 4.75125 2.17022 2590.29
1902 4.75375 2.17114 2592.46
1903 4.75625 2.17298 2594.63
1904 4.75875 2.16848 2596.8
1905 4.76125 2.16819 2598.97
1906 4.76375 2.16933 2601.14
1907 4.76625 2.16641 2603.3
1908 4.76875 2.1726 2605.48
1909 4.77125 2.17585 2607.65
1910 4.77375 2.18333 2609.83
1911 4.77625 2.18149 2612.02
1912 4.77875 2.18149 2614.2
1913 4.78125 2.185 2616.38
1914 4.78375 2.19359 2618.58
1915 4.78625 2.1904 2620.77
1916 4.78875 2.19114 2622.96
1917 4.79125 2.17546 2625.13
1918 4.79375 2.17369 2627.31
1919 4.79625 2.16788 2629.47
1920 4.79875 2.16485 2631.64
1921 4.80125 2.16485 2633.8
1922 4.80375 2.17074 2635.97
1923 4.80625 2.17007 2638.15
1924 4.80875 2.16489 2640.31
1925 4.81125 2.16475 2642.47
1926 4.81375 2.16731 2644.64
1927 4.81625 2.1741 2646.82
1928 4.81875 2.17369 2648.99
1929 4.82125 2.17338 2651.16
1930 4.82375 2.17857 2653.34
1931 4.82625 2.17759 2655.52
1932 4.82875 2.1746 2657.69
1933 4.83125 2.17712 2659.87
1934 4.83375 2.16804 2662.04
1935 4.83625 2.15429 2664.19
1936 4.83875 2.15211 2666.35
1937 4.84125 2.15079 2668.5
1938 4.84375 2.15177 2670.65
1939 4.84625 2.14953 2672.8
1940 4.84875 2.14899 2674.95
1941 4.85125 2.14643 2677.09
1942 4.85375 2.1616 2679.25
1943 4.85625 2.15921 2681.41
1944 4.85875 2.15663 2683.57
1945 4.86125 2.16329 2685.73
1946 4.86375 2.16606 2687.9
1947 4.86625 2.17174 2690.07
1948 4.86875 2.19203 2692.26
1949 4.87125 2.19257 2694.46
1950 4.87375 2.19397 2696.65
1951 4.87625 2.1957 2698.85
1952 4.87875 2.18514 2701.03
1953 4.88125 2.18428 2703.22
1954 4.88375 2.18636 2705.4
1955 4.88625 2.18584 2707.59
1956 4.88875 2.17157 2709.76
1957 4.89125 2.17609 2711.94
1958 4.89375 2.17206 2714.11
1959 4.89625 2.17103 2716.28
1960 4.89875 2.16286 2718.44
1961 4.90125 2.1574 2720.6
1962 4.90375 2.14906 2722.75
1963 4.90625 2.15473 2724.9
1964 4.90875 2.15442 2727.06
1965 4.91125 2.1522 2729.21
1966 4.91375 2.15393 2731.36
1967 4.91625 2.14345 2733.51
1968 4.91875 2.14184 2735.65
1969 4.92125 2.14537 2737.79
1970 4.92375 2.14198 2739.94
1971 4.92625 2.14542 2742.08
1972 4.92875 2.14779 2744.23
1973 4.93125 2.15224 2746.38
1974 4.93375 2.14731 2748.53
1975 4.93625 2.14775 2750.68
1976 4.93875 2.15094 2752.83
1977 4.94125 2.15549 2754.98
1978 4.94375 2.15477 2757.14
1979 4.94625 2.15266 2759.29
1980 4.94875 2.15921 2761.45
1981 4.95125 2.15164 2763.6
1982 4.95375 2.15223 2765.75
1983 4.95625 2.15857 2767.91
1984 4.95875 2.15636 2770.07
1985 4.96125 2.15768 2772.23
1986 4.96375 2.15552 2774.38
1987 4.96625 2.15314 2776.53
1988 4.96875 2.15624 2778.69
1989 4.97125 2.15421 2780.84
1990 4.97375 2.16494 2783.01
1991 4.97625 2.16607 2785.18
1992 4.97875 2.1661 2787.34
1993 4.98125 2.16403 2789.51
1994 4.98375 2.16649 2791.67
1995 4.98625 2.17242 2793.84
1996 4.98875 2.17043 2796.02
1997 4.99125 2.16502 2798.18
1998 4.99375 2.17821 2800.36
1999 4.99625 2.18469 2802.54
2000 4.99875 2.1816 2804.72
100000 2000
1 0.00125 0 0
2 0.00375 0 0
3 0.00625 0 0
4 0.00875 0 0
5 0.01125 0 0
6 0.01375 0 0
7 0.01625 0 0
8 0.01875 0 0
9 0.02125 0 0
10 0.02375 0 0
11 0.02625 0 0
12 0.02875 0 0
13 0.03125 0 0
14 0.03375 0 0
15 0.03625 0 0
16 0.03875 0 0
17 0.04125 0 0
18 0.04375 0 0
19 0.04625 0 0
20 0.04875 0 0
21 0.05125 0 0
22 0.05375 0 0
23 0.05625 0 0
24 0.05875 0 0
25 0.06125 0 0
26 0.06375 0 0
27 0.06625 0 0
28 0.06875 0 0
29 0.07125 0 0
30 0.07375 0 0
31 0.07625 0 0
32 0.07875 0 0
33 0.08125 0 0
34 0.08375 0 0
35 0.08625 0 0
36 0.08875 0 0
37 0.09125 0 0
38 0.09375 0 0
39 0.09625 0 0
40 0.09875 0 0
41 0.10125 0 0
42 0.10375 0 0
43 0.10625 0 0
44 0.10875 0 0
45 0.11125 0 0
46 0.11375 0 0
47 0.11625 0 0
48 0.11875 0 0
49 0.12125 0 0
50 0.12375 0 0
51 0.12625 0 0
52 0.12875 0 0
53 0.13125 0 0
54 0.13375 0 0
55 0.13625 0 0
56 0.13875 0 0
57 0.14125 0 0
58 0.14375 0 0
59 0.14625 0 0
60 0.14875 0 0
61 0.15125 0 0
62 0.15375 0 0
63 0.15625 0 0
64 0.15875 0 0
65 0.16125 0 0
66 0.16375 0 0
67 0.16625 0 0
68 0.16875 0 0
69 0.17125 0 0
70 0.17375 0 0
71 0.17625 0 0
72 0.17875 0 0
73 0.18125 0 0
74 0.18375 0 0
75 0.18625 0 0
76 0.18875 0 0
77 0.19125 0 0
78 0.19375 0 0
79 0.19625 0 0
80 0.19875 0 0
81 0.20125 0 0
82 0.20375 0 0
83 0.20625 0 0
84 0.20875 0 0
85 0.21125 0 0
86 0.21375 0 0
87 0.21625 0 0
88 0.21875 0 0
89 0.22125 0 0
90 0.22375 0 0
91 0.22625 0 0
92 0.22875 0 0
93 0.23125 0 0
94 0.23375 0 0
95 0.23625 0 0
96 0.23875 0 0
97 0.24125 0 0
98 0.24375 0 0
99 0.24625 0 0
100 0.24875 0 0
101 0.25125 0 0
102 0.25375 0 0
103 0.25625 0 0
104 0.25875 0 0
105 0.26125 0 0
106 0.26375 0 0
107 0.26625 0 0
108 0.26875 0 0
109 0.27125 0 0
110 0.27375 0 0
111 0.27625 0 0
112 0.27875 0 0
113 0.28125 0 0
114 0.28375 0 0
115 0.28625 0 0
116 0.28875 0 0
117 0.29125 0 0
118 0.29375 0 0
119 0.29625 0 0
120 0.29875 0 0
121 0.30125 0 0
122 0.30375 0 0
123 0.30625 0 0
124 0.30875 0 0
125 0.31125 0 0
126 0.31375 0 0
127 0.31625 0 0
128 0.31875 0 0
129 0.32125 0 0
130 0.32375 0 0
131 0.32625 0 0
132 0.32875 0 0
133 0.33125 0 0
134 0.33375 0 0
135 0.33625 0 0
136 0.33875 0 0
137 0.34125 0 0
138 0.34375 0 0
139 0.34625 0 0
140 0.34875 0 0
141 0.35125 0 0
142 0.35375 0 0
143 0.35625 0 0
144 0.35875 0 0
145 0.36125 0 0
146 0.36375 0 0
147 0.36625 0 0
148 0.36875 0 0
149 0.37125 0 0
150 0.37375 0 0
151 0.37625 0 0
152 0.37875 0 0
153 0.38125 0 0
154 0.38375 0 0
155 0.38625 0 0
156 0.38875 0 0
157 0.39125 0 0
158 0.39375 0 0
159 0.39625 0 0
160 0.39875 0 0
161 0.40125 0 0
162 0.40375 0 0
163 0.40625 0 0
164 0.40875 0 0
165 0.41125 0 0
166 0.41375 0 0
167 0.41625 0 0
168 0.41875 0 0
169 0.42125 0 0
170 0.42375 0 0
171 0.42625 0 0
172 0.42875 0 0
173 0.43125 0 0
174 0.43375 0 0
175 0.43625 0 0
176 0.43875 0 0
177 0.44125 0 0
178 0.44375 0 0
179 0.44625 0 0
180 0.44875 0 0
181 0.45125 0 0
182 0.45375 0 0
183 0.45625 0 0
184 0.45875 0 0
185 0.46125 0 0
186 0.46375 0 0
187 0.46625 0 0
188 0.46875 0 0
189 0.47125 0 0
190 0.47375 0 0
191 0.47625 0 0
192 0.47875 0 0
193 0.48125 0 0
194 0.48375 0 0
195 0.48625 0 0
196 0.48875 0 0
197 0.49125 0 0
198 0.49375 0 0
199 0.49625 0 0
200 0.49875 0 0
201 0.50125 0 0
202 0.50375 0 0
203 0.50625 0 0
204 0.50875 0 0
205 0.51125 0 0
206 0.51375 0 0
207 0.51625 0 0
208 0.51875 0 0
209 0.52125 0 0
210 0.52375 0 0
211 0.52625 0 0
212 0.52875 0 0
213 0.53125 0 0
214 0.53375 0 0
215 0.53625 0 0
216 0.53875 0 0
217 0.54125 0 0
218 0.54375 0 0
219 0.54625 0 0
220 0.54875 0 0
221 0.55125 0 0
222 0.55375 0 0
223 0.55625 0 0
224 0.55875 0 0
225 0.56125 0 0
226 0.56375 0 0
227 0.56625 0 0
228 0.56875 0 0
229 0.57125 0 0
230 0.57375 0 0
231 0.57625 0 0
232 0.57875 0 0
233 0.58125 0 0
234 0.58375 0 0
235 0.58625 0 0
236 0.58875 0 0
237 0.59125 0 0
238 0.59375 0 0
239 0.59625 0 0
240 0.59875 0 0
241 0.60125 0 0
242 0.60375 0 0
243 0.60625 0 0
244 0.60875 0 0
245 0.61125 0 0
246 0.61375 0 0
247 0.61625 0 0
248 0.61875 0 0
249 0.62125 0 0
250 0.62375 0 0
251 0.62625 0 0
252 0.62875 0 0
253 0.63125 0 0
254 0.63375 0 0
255 0.63625 0 0
256 0.63875 0 0
257 0.64125 0 0
258 0.64375 0 0
259 0.64625 0 0
260 0.64875 0 0
261 0.65125 0 0
262 0.65375 0 0
263 0.65625 0 0
264 0.65875 0 0
265 0.66125 0 0
266 0.66375 0 0
267 0.66625 0 0
268 0.66875 0 0
269 0.67125 0 0
270 0.67375 0 0
271 0.67625 0 0
272 0.67875 0 0
273 0.68125 0 0
274 0.68375 0 0
275 0.68625 0 0
276 0.68875 0 0
277 0.69125 0 0
278 0.69375 0 0
279 0.69625 0 0
280 0.69875 0 0
281 0.70125 0 0
282 0.70375 0 0
283 0.70625 0 0
284 0.70875 0 0
285 0.71125 0 0
286 0.71375 0 0
287 0.71625 0 0
288 0.71875 0 0
289 0.72125 0 0
290 0.72375 0 0
291 0.72625 0 0
292 0.72875 0 0
293 0.73125 0 0
294 0.73375 0 0
295 0.73625 0 0
296 0.73875 0 0
297 0.74125 0 0
298 0.74375 0 0
299 0.74625 0 0
300 0.74875 0 0
301 0.75125 0 0
302 0.75375 0 0
303 0.75625 0 0
304 0.75875 0 0
305 0.76125 0 0
306 0.76375 0 0
307 0.76625 0 0
308 0.76875 0 0
309 0.77125 0 0
310 0.77375 0 0
311 0.77625 0 0
312 0.77875 0 0
313 0.78125 0 0
314 0.78375 0 0
315 0.78625 0 0
316 0.78875 0 0
317 0.79125 0 0
318 0.79375 0 0
319 0.79625 0 0
320 0.79875 0 0
321 0.80125 0 0
322 0.80375 0 0
323 0.80625 0 0
324 0.80875 0 0
325 0.81125 0 0
326 0.81375 0 0
327 0.81625 0 0
328 0.81875 0 0
329 0.82125 0 0
330 0.82375 0 0
331 0.82625 0 0
332 0.82875 0 0
333 0.83125 0 0
334 0.83375 0 0
335 0.83625 0 0
336 0.83875 0 0
337 0.84125 0 0
338 0.84375 0 0
339 0.84625 0 0
340 0.84875 0 0
341 0.85125 0 0
342 0.85375 0 0
343 0.85625 0 0
344 0.85875 0 0
345 0.86125 0 0
346 0.86375 0 0
347 0.86625 0 0
348 0.86875 0 0
349 0.87125 0 0
350 0.87375 0 0
351 0.87625 0 0
352 0.87875 0 0
353 0.88125 0 0
354 0.88375 0 0
355 0.88625 0 0
356 0.88875 0 0
357 0.89125 0 0
358 0.89375 0 0
359 0.89625 0 0
360 0.89875 0 0
361 0.90125 0 0
362 0.90375 0 0
363 0.90625 0 0
364 0.90875 0 0
365 0.91125 0 0
366 0.91375 0 0
367 0.91625 0 0
368 0.91875 0 0
369 0.92125 0 0
370 0.92375 0 0
371 0.92625 0 0
372 0.92875 0 0
373 0.93125 0 0
374 0.93375 0 0
375 0.93625 0 0
376 0.93875 0 0
377 0.94125 0 0
378 0.94375 0 0
379 0.94625 0 0
380 0.94875 0 0
381 0.95125 0 0
382 0.95375 0 0
383 0.95625 0 0
384 0.95875 0 0
385 0.96125 0 0
386 0.96375 0 0
387 0.96625 0 0
388 0.96875 0 0
389 0.97125 0 0
390 0.97375 0 0
391 0.97625 0 0
392 0.97875 0 0
393 0.98125 0 0
394 0.98375 0 0
395 0.98625 0 0
396 0.98875 0 0
397 0.99125 0 0
398 0.99375 0 0
399 0.99625 0 0
400 0.99875 0 0
401 1.00125 0 0
402 1.00375 0 0
403 1.00625 0 0
404 1.00875 0 0
405 1.01125 0 0
406 1.01375 0 0
407 1.01625 0 0
408 1.01875 0 0
409 1.02125 0 0
410 1.02375 0 0
411 1.02625 0 0
412 1.02875 0 0
413 1.03125 0 0
414 1.03375 0 0
415 1.03625 0 0
416 1.03875 0 0
417 1.04125 0 0
418 1.04375 0 0
419 1.04625 0 0
420 1.04875 0 0
421 1.05125 0 0
422 1.05375 0 0
423 1.05625 0 0
424 1.05875 0 0
425 1.06125 0 0
426 1.06375 0 0
427 1.06625 0 0
428 1.06875 0 0
429 1.07125 0 0
430 1.07375 0 0
431 1.07625 0 0
432 1.07875 0 0
433 1.08125 0 0
434 1.08375 0 0
435 1.08625 0 0
436 1.08875 0 0
437 1.09125 0 0
438 1.09375 0 0
439 1.09625 0 0
440 1.09875 0 0
441 1.10125 0 0
442 1.10375 0 0
443 1.10625 0 0
444 1.10875 0 0
445 1.11125 0 0
446 1.11375 0 0
447 1.11625 0 0
448 1.11875 0 0
449 1.12125 0 0
450 1.12375 0 0
451 1.12625 0 0
452 1.12875 0 0
453 1.13125 0 0
454 1.13375 0 0
455 1.13625 0 0
456 1.13875 0 0
457 1.14125 0 0
458 1.14375 0 0
459 1.14625 0 0
460 1.14875 0 0
461 1.15125 0 0
462 1.15375 0 0
463 1.15625 0 0
464 1.15875 0 0
465 1.16125 0 0
466 1.16375 0 0
467 1.16625 0 0
468 1.16875 0 0
469 1.17125 0 0
470 1.17375 0 0
471 1.17625 0 0
472 1.17875 0 0
473 1.18125 0 0
474 1.18375 0 0
475 1.18625 0 0
476 1.18875 0 0
477 1.19125 0 0
478 1.19375 0 0
479 1.19625 0 0
480 1.19875 0 0
481 1.20125 0 0
482 1.20375 0 0
483 1.20625 0 0
484 1.20875 0 0
485 1.21125 0 0
486 1.21375 0 0
487 1.21625 0 0
488 1.21875 0 0
489 1.22125 0 0
490 1.22375 0 0
491 1.22625 0 0
492 1.22875 0 0
493 1.23125 0 0
494 1.23375 0 0
495 1.23625 0 0
496 1.23875 0 0
497 1.24125 0 0
498 1.24375 0 0
499 1.24625 0 0
500 1.24875 0 0
501 1.25125 0 0
502 1.25375 0 0
503 1.25625 0 0
504 1.25875 0 0
505 1.26125 0 0
506 1.26375 0 0
507 1.26625 0 0
508 1.26875 0 0
509 1.27125 0 0
510 1.27375 0 0
511 1.27625 0 0
512 1.27875 0 0
513 1.28125 0 0
514 1.28375 0 0
515 1.28625 0 0
516 1.28875 0 0
517 1.29125 0 0
518 1.29375 0 0
519 1.29625 0 0
520 1.29875 0 0
521 1.30125 0 0
522 1.30375 0 0
523 1.30625 0 0
524 1.30875 0 0
525 1.31125 0 0
526 1.31375 0 0
527 1.31625 0 0
528 1.31875 0 0
529 1.32125 0 0
530 1.32375 0 0
531 1.32625 0 0
532 1.32875 0 0
533 1.33125 0 0
534 1.33375 0 0
535 1.33625 0 0
536 1.33875 0 0
537 1.34125 0 0
538 1.34375 0 0
539 1.34625 0 0
540 1.34875 0 0
541 1.35125 0 0
542 1.35375 0 0
543 1.35625 0 0
544 1.35875 0 0
545 1.36125 0 0
546 1.36375 0 0
547 1.36625 0 0
548 1.36875 0 0
549 1.37125 0 0
550 1.37375 0 0
551 1.37625 0 0
552 1.37875 0 0
553 1.38125 0 0
554 1.38375 0 0
555 1.38625 0 0
556 1.38875 0 0
557 1.39125 0 0
558 1.39375 0 0
559 1.39625 0 0
560 1.39875 0 0
561 1.40125 0 0
562 1.40375 0 0
563 1.40625 0 0
564 1.40875 0 0
565 1.41125 0 0
566 1.41375 0 0
567 1.41625 0 0
568 1.41875 0 0
569 1.42125 0 0
570 1.42375 0 0
571 1.42625 0 0
572 1.42875 0 0
573 1.43125 0 0
574 1.43375 0 0
575 1.43625 0 0
576 1.43875 0 0
577 1.44125 0 0
578 1.44375 0 0
579 1.44625 0 0
580 1.44875 0 0
581 1.45125 0 0
582 1.45375 0 0
583 1.45625 0 0
584 1.45875 0 0
585 1.46125 0 0
586 1.46375 0 0
587 1.46625 0 0
588 1.46875 0 0
589 1.47125 0 0
590 1.47375 0 0
591 1.47625 0 0
592 1.47875 0 0
593 1.48125 0 0
594 1.48375 0 0
595 1.48625 0 0
596 1.48875 0 0
597 1.49125 0 0
598 1.49375 0 0
599 1.49625 0 0
600 1.49875 0 0
601 1.50125 0 0
602 1.50375 0 0
603 1.50625 0 0
604 1.50875 0 0
605 1.51125 0 0
606 1.51375 0 0
607 1.51625 0 0
608 1.51875 0 0
609 1.52125 0 0
610 1.52375 0 0
611 1.52625 0 0
612 1.52875 0 0
613 1.53125 0 0
614 1.53375 0 0
615 1.53625 0 0
616 1.53875 0 0
617 1.54125 0 0
618 1.54375 0 0
619 1.54625 0 0
620 1.54875 0 0
621 1.55125 0 0
622 1.55375 0 0
623 1.55625 0 0
624 1.55875 0 0
625 1.56125 0 0
626 1.56375 0 0
627 1.56625 0 0
628 1.56875 0 0
629 1.57125 0 0
630 1.57375 0 0
631 1.57625 0 0
632 1.57875 0 0
633 1.58125 0 0
634 1.58375 0 0
635 1.58625 0 0
636 1.58875 0 0
637 1.59125 0 0
638 1.59375 0 0
639 1.59625 0 0
640 1.59875 0 0
641 1.60125 0 0
642 1.60375 0 0
643 1.60625 0 0
644 1.60875 0 0
645 1.61125 0 0
646 1.61375 0 0
647 1.61625 0 0
648 1.61875 0 0
649 1.62125 0 0
650 1.62375 0 0
651 1.62625 0 0
652 1.62875 0 0
653 1.63125 0 0
654 1.63375 0 0
655 1.63625 0 0
656 1.63875 0 0
657 1.64125 0 0
658 1.64375 0 0
659 1.64625 0 0
660 1.64875 0 0
661 1.65125 0 0
662 1.65375 0 0
663 1.65625 0 0
664 1.65875 0 0
665 1.66125 0 0
666 1.66375 0 0
667 1.66625 0 0
668 1.66875 0 0
669 1.67125 0 0
670 1.67375 0 0
671 1.67625 0 0
672 1.67875 0 0
673 1.68125 0 0
674 1.68375 0 0
675 1.68625 0 0
676 1.68875 0 0
677 1.69125 0 0
678 1.69375 0 0
679 1.69625 0 0
680 1.69875 0 0
681 1.70125 0 0
682 1.70375 0 0
683 1.70625 0 0
684 1.70875 0 0
685 1.71125 0 0
686 1.71375 0 0
687 1.71625 0 0
688 1.71875 0 0
689 1.72125 0 0
690 1.72375 0 0
691 1.72625 0 0
692 1.72875 0 0
693 1.73125 0 0
694 1.73375 0 0
695 1.73625 0 0
696 1.73875 0 0
697 1.74125 0 0
698 1.74375 0 0
699 1.74625 0 0
700 1.74875 0 0
701 1.75125 0 0
702 1.75375 0 0
703 1.75625 0 0
704 1.75875 0 0
705 1.76125 0 0
706 1.76375 0 0
707 1.76625 0 0
708 1.76875 0 0
709 1.77125 0 0
710 1.77375 0 0
711 1.77625 0 0
712 1.77875 0 0
713 1.78125 0 0
714 1.78375 0 0
715 1.78625 0 0
716 1.78875 0 0
717 1.79125 0 0
718 1.79375 0 0
719 1.79625 0 0
720 1.79875 0 0
721 1.80125 0 0
722 1.80375 0 0
723 1.80625 0 0
724 1.80875 0 0
725 1.81125 0 0
726 1.81375 0 0
727 1.81625 0 0
728 1.81875 0 0
729 1.82125 0 0
730 1.82375 0 0
731 1.82625 0 0
732 1.82875 0 0
733 1.83125 0 0
734 1.83375 0 0
735 1.83625 0 0
736 1.83875 0 0
737 1.84125 0 0
738 1.84375 0 0
739 1.84625 0 0
740 1.84875 0 0
741 1.85125 0 0
742 1.85375 0 0
743 1.85625 0 0
744 1.85875 0 0
745 1.86125 0 0
746 1.86375 0 0
747 1.86625 0 0
748 1.86875 0 0
749 1.87125 0 0
750 1.87375 0 0
751 1.87625 0 0
752 1.87875 0 0
753 1.88125 0 0
754 1.88375 0 0
755 1.88625 0 0
756 1.88875 0 0
757 1.89125 0 0
758 1.89375 0 0
759 1.89625 0 0
760 1.89875 0 0
761 1.90125 0 0
762 1.90375 0 0
763 1.90625 0 0
764 1.90875 0 0
765 1.91125 0 0
766 1.91375 0 0
767 1.91625 0 0
768 1.91875 0 0
769 1.92125 0 0
770 1.92375 0 0
771 1.92625 0 0
772 1.92875 0 0
773 1.93125 0 0
774 1.93375 0 0
775 1.93625 0 0
776 1.93875 0 0
777 1.94125 0 0
778 1.94375 0 0
779 1.94625 0 0
780 1.94875 0 0
781 1.95125 0 0
782 1.95375 0 0
783 1.95625 0 0
784 1.95875 0 0
785 1.96125 0 0
786 1.96375 0 0
787 1.96625 0 0
788 1.96875 0 0
789 1.97125 0 0
790 1.97375 0 0
791 1.97625 0 0
792 1.97875 0 0
793 1.98125 0 0
794 1.98375 0 0
795 1.98625 0 0
796 1.98875 0 0
797 1.99125 0 0
798 1.99375 0 0
799 1.99625 0 0
800 1.99875 0 0
801 2.00125 0 0
802 2.00375 0 0
803 2.00625 0 0
804 2.00875 0 0
805 2.01125 0 0
806 2.01375 0 0
807 2.01625 0 0
808 2.01875 0 0
809 2.02125 0 0
810 2.02375 0 0
811 2.02625 0 0
812 2.02875 0 0
813 2.03125 0 0
814 2.03375 0 0
815 2.03625 0 0
816 2.03875 0 0
817 2.04125 0 0
818 2.04375 0 0
819 2.04625 0 0
820 2.04875 0 0
821 2.05125 0 0
822 2.05375 0 0
823 2.05625 0 0
824 2.05875 0 0
825 2.06125 0 0
826 2.06375 0 0
827 2.06625 0 0
828 2.06875 0 0
829 2.07125 0 0
830 2.07375 0 0
831 2.07625 0 0
832 2.07875 0 0
833 2.08125 0 0
834 2.08375 0 0
835 2.08625 0 0
836 2.08875 0 0
837 2.09125 0 0
838 2.09375 0 0
839 2.09625 0 0
840 2.09875 0 0
841 2.10125 0 0
842 2.10375 0 0
843 2.10625 0 0
844 2.10875 0 0
845 2.11125 0 0
846 2.11375 0 0
847 2.11625 0 0
848 2.11875 0 0
849 2.12125 0 0
850 2.12375 0 0
851 2.12625 0 0
852 2.12875 0 0
853 2.13125 0 0
854 2.13375 0 0
855 2.13625 0 0
856 2.13875 0 0
857 2.14125 0 0
858 2.14375 0 0
859 2.14625 0 0
860 2.14875 0 0
861 2.15125 0 0
862 2.15375 0 0
863 2.15625 0 0
864 2.15875 0 0
865 2.16125 0 0
866 2.16375 0 0
867 2.16625 0 0
868 2.16875 0 0
869 2.17125 0 0
870 2.17375 0 0
871 2.17625 0 0
872 2.17875 0 0
873 2.18125 0 0
874 2.18375 0 0
875 2.18625 0 0
876 2.18875 0 0
877 2.19125 0 0
878 2.19375 0 0
879 2.19625 0 0
880 2.19875 0 0
881 2.20125 0 0
882 2.20375 0 0
883 2.20625 0 0
884 2.20875 0 0
885 2.21125 0 0
886 2.21375 0 0
887 2.21625 0 0
888 2.21875 0 0
889 2.22125 0 0
890 2.22375 0 0
891 2.22625 0 0
892 2.22875 0 0
893 2.23125 0 0
894 2.23375 0 0
895 2.23625 0 0
896 2.23875 0 0
897 2.24125 0 0
898 2.24375 0 0
899 2.24625 0 0
900 2.24875 0 0
901 2.25125 0 0
902 2.25375 0 0
903 2.25625 0 0
904 2.25875 0 0
905 2.26125 0 0
906 2.26375 0 0
907 2.26625 0 0
908 2.26875 0 0
909 2.27125 0 0
910 2.27375 0 0
911 2.27625 0 0
912 2.27875 0 0
913 2.28125 0 0
914 2.28375 0 0
915 2.28625 0 0
916 2.28875 0 0
917 2.29125 0 0
918 2.29375 0 0
919 2.29625 0 0
920 2.29875 0 0
921 2.30125 0 0
922 2.30375 0 0
923 2.30625 0 0
924 2.30875 0 0
925 2.31125 0 0
926 2.31375 0 0
927 2.31625 0 0
928 2.31875 0 0
929 2.32125 0 0
930 2.32375 0 0
931 2.32625 0 0
932 2.32875 0 0
933 2.33125 0 0
934 2.33375 0 0
935 2.33625 0 0
936 2.33875 0 0
937 2.34125 0 0
938 2.34375 0 0
939 2.34625 0 0
940 2.34875 0 0
941 2.35125 0 0
942 2.35375 0 0
943 2.35625 0 0
944 2.35875 0 0
945 2.36125 0 0
946 2.36375 0 0
947 2.36625 0 0
948 2.36875 0 0
949 2.37125 0 0
950 2.37375 0 0
951 2.37625 0 0
952 2.37875 0 0
953 2.38125 0 0
954 2.38375 0 0
955 2.38625 0 0
956 2.38875 0 0
957 2.39125 0 0
958 2.39375 0 0
959 2.39625 0 0
960 2.39875 0 0
961 2.40125 0 0
962 2.40375 0 0
963 2.40625 0 0
964 2.40875 0 0
965 2.41125 0 0
966 2.41375 0 0
967 2.41625 0 0
968 2.41875 0 0
969 2.42125 0 0
970 2.42375 0 0
971 2.42625 0 0
972 2.42875 0 0
973 2.43125 0 0
974 2.43375 0 0
975 2.43625 0 0
976 2.43875 0 0
977 2.44125 0 0
978 2.44375 0 0
979 2.44625 0 0
980 2.44875 0 0
981 2.45125 0 0
982 2.45375 0 0
983 2.45625 0 0
984 2.45875 0 0
985 2.46125 0 0
986 2.46375 0 0
987 2.46625 0 0
988 2.46875 0 0
989 2.47125 0 0
990 2.47375 0 0
991 2.47625 0 0
992 2.47875 0 0
993 2.48125 0 0
994 2.48375 0 0
995 2.48625 0 0
996 2.48875 0 0
997 2.49125 0 0
998 2.49375 0 0
999 2.49625 0 0
1000 2.49875 0 0
1001 2.50125 0 0
1002 2.50375 0 0
1003 2.50625 0 0
1004 2.50875 0 0
1005 2.51125 0 0
1006 2.51375 0 0
1007 2.51625 0 0
1008 2.51875 0 0
1009 2.52125 0 0
1010 2.52375 0 0
1011 2.52625 0 0
1012 2.52875 0 0
1013 2.53125 0 0
1014 2.53375 0 0
1015 2.53625 0 0
1016 2.53875 0 0
1017 2.54125 0 0
1018 2.54375 0 0
1019 2.54625 0 0
1020 2.54875 0 0
1021 2.55125 0 0
1022 2.55375 0 0
1023 2.55625 0 0
1024 2.55875 0 0
1025 2.56125 0 0
1026 2.56375 0 0
1027 2.56625 0 0
1028 2.56875 0 0
1029 2.57125 0 0
1030 2.57375 0 0
1031 2.57625 0 0
1032 2.57875 0 0
1033 2.58125 0 0
1034 2.58375 0 0
1035 2.58625 0 0
1036 2.58875 0 0
1037 2.59125 0 0
1038 2.59375 0 0
1039 2.59625 0 0
1040 2.59875 0 0
1041 2.60125 0 0
1042 2.60375 0 0
1043 2.60625 0 0
1044 2.60875 0 0
1045 2.61125 0 0
1046 2.61375 0 0
1047 2.61625 0 0
1048 2.61875 0 0
1049 2.62125 0 0
1050 2.62375 0 0
1051 2.62625 0 0
1052 2.62875 0 0
1053 2.63125 0 0
1054 2.63375 0 0
1055 2.63625 0 0
1056 2.63875 0 0
1057 2.64125 0 0
1058 2.64375 0 0
1059 2.64625 0 0
1060 2.64875 0 0
1061 2.65125 0 0
1062 2.65375 0 0
1063 2.65625 0 0
1064 2.65875 0 0
1065 2.66125 0 0
1066 2.66375 0 0
1067 2.66625 0 0
1068 2.66875 0 0
1069 2.67125 0 0
1070 2.67375 0 0
1071 2.67625 0 0
1072 2.67875 0 0
1073 2.68125 0 0
1074 2.68375 0 0
1075 2.68625 0.0876355 0.0876355
1076 2.68875 0.0876355 0.175271
1077 2.69125 0.0876355 0.262906
1078 2.69375 0.0876355 0.350542
1079 2.69625 0.0876355 0.438177
1080 2.69875 0.0876355 0.525813
1081 2.70125 0.0876355 0.613448
1082 2.70375 0.0876355 0.701084
1083 2.70625 0.140211 0.841295
1084 2.70875 0.140211 0.981506
1085 2.71125 0.140211 1.12172
1086 2.71375 0.140211 1.26193
1087 2.71625 0.21085 1.47278
1088 2.71875 0.21085 1.68363
1089 2.72125 0.21085 1.89448
1090 2.72375 0.21085 2.10533
1091 2.72625 0.21085 2.31618
1092 2.72875 0.21085 2.52703
1093 2.73125 0.21085 2.73788
1094 2.73375 0.21085 2.94873
1095 2.73625 0.271424 3.22016
1096 2.73875 0.271424 3.49158
1097 2.74125 0.271424 3.763
1098 2.74375 0.271424 4.03443
1099 2.74625 0.325416 4.35985
1100 2.74875 0.325416 4.68526
1101 2.75125 0.325416 5.01068
1102 2.75375 0.325416 5.3361
1103 2.75625 0.386831 5.72293
1104 2.75875 0.386831 6.10976
1105 2.76125 0.386831 6.49659
1106 2.76375 0.386831 6.88342
1107 2.76625 0.40518 7.2886
1108 2.76875 0.546206 7.83481
1109 2.77125 0.592357 8.42716
1110 2.77375 0.592357 9.01952
1111 2.77625 0.670877 9.6904
1112 2.77875 0.670877 10.3613
1113 2.78125 0.670877 11.0322
1114 2.78375 0.670877 11.703
1115 2.78625 0.705989 12.409
1116 2.78875 0.705989 13.115
1117 2.79125 0.705989 13.821
1118 2.79375 0.752274 14.5733
1119 2.79625 0.752274 15.3255
1120 2.79875 0.752274 16.0778
1121 2.80125 0.833594 16.9114
1122 2.80375 0.876846 17.7883
1123 2.80625 0.876846 18.6651
1124 2.80875 0.876846 19.542
1125 2.81125 0.876846 20.4188
1126 2.81375 0.876846 21.2956
1127 2.81625 0.876846 22.1725
1128 2.81875 0.876846 23.0493
1129 2.82125 0.876846 23.9262
1130 2.82375 0.876846 24.803
1131 2.82625 0.909828 25.7129
1132 2.82875 0.909828 26.6227
1133 2.83125 1.02753 27.6502
1134 2.83375 1.06321 28.7134
1135 2.83625 1.06321 29.7766
1136 2.83875 1.08734 30.864
1137 2.84125 1.15224 32.0162
1138 2.84375 1.18654 33.2028
1139 2.84625 1.18654 34.3893
1140 2.84875 1.22095 35.6102
1141 2.85125 1.22095 36.8312
1142 2.85375 1.22095 38.0522
1143 2.85625 1.28453 39.3367
1144 2.85875 1.28453 40.6212
1145 2.86125 1.34307 41.9643
1146 2.86375 1.39855 43.3628
1147 2.86625 1.39855 44.7614
1148 2.86875 1.44408 46.2055
1149 2.87125 1.50148 47.7069
1150 2.87375 1.51609 49.223
1151 2.87625 1.55019 50.7732
1152 2.87875 1.59462 52.3678
1153 2.88125 1.59462 53.9625
1154 2.88375 1.62042 55.5829
1155 2.88625 1.62042 57.2033
1156 2.88875 1.64573 58.849
1157 2.89125 1.68319 60.5322
1158 2.89375 1.73132 62.2636
1159 2.89625 1.73132 63.9949
1160 2.89875 1.85823 65.8531
1161 2.90125 1.8942 67.7473
1162 2.90375 1.90658 69.6539
1163 2.90625 1.94783 71.6017
1164 2.90875 1.94783 73.5495
1165 2.91125 1.99545 75.545
1166 2.91375 2.05952 77.6045
1167 2.91625 2.05952 79.664
1168 2.91875 2.05952 81.7236
1169 2.92125 2.12226 83.8458
1170 2.92375 2.16867 86.0145
1171 2.92625 2.24518 88.2597
1172 2.92875 2.34027 90.5999
1173 2.93125 2.34027 92.9402
1174 2.93375 2.47134 95.4115
1175 2.93625 2.5185 97.93
1176 2.93875 2.59028 100.52
1177 2.94125 2.61299 103.133
1178 2.94375 2.61299 105.746
1179 2.94625 2.68057 108.427
1180 2.94875 2.67898 111.106
1181 2.95125 2.71626 113.822
1182 2.95375 2.76293 116.585
1183 2.95625 2.78029 119.365
1184 2.95875 2.80738 122.173
1185 2.96125 2.85824 125.031
1186 2.96375 2.90309 127.934
1187 2.96625 2.92633 130.86
1188 2.96875 2.95708 133.817
1189 2.97125 3.01042 136.828
1190 2.97375 3.02653 139.854
1191 2.97625 3.10248 142.957
1192 2.97875 3.11434 146.071
1193 2.98125 3.20546 149.277
1194 2.98375 3.21733 152.494
1195 2.98625 3.26151 155.756
1196 2.98875 3.27755 159.033
1197 2.99125 3.28954 162.323
1198 2.99375 3.31614 165.639
1199 2.99625 3.32945 168.968
1200 2.99875 3.36429 172.332
1201 3.00125 3.45811 175.791
1202 3.00375 3.46575 179.256
1203 3.00625 3.47853 182.735
1204 3.00875 3.4892 186.224
1205 3.01125 3.51639 189.74
1206 3.01375 3.54423 193.285
1207 3.01625 3.55878 196.843
1208 3.01875 3.57185 200.415
1209 3.02125 3.62101 204.036
1210 3.02375 3.66891 207.705
1211 3.02625 3.68404 211.389
1212 3.02875 3.70766 215.097
1213 3.03125 3.72992 218.827
1214 3.03375 3.7433 222.57
1215 3.03625 3.76913 226.339
1216 3.03875 3.78553 230.125
1217 3.04125 3.81806 233.943
1218 3.04375 3.85269 237.796
1219 3.04625 3.87324 241.669
1220 3.04875 3.88563 245.554
1221 3.05125 3.88564 249.44
1222 3.05375 3.93278 253.373
1223 3.05625 3.98512 257.358
1224 3.05875 4.0322 261.39
1225 3.06125 4.01878 265.409
1226 3.06375 4.05822 269.467
1227 3.06625 4.1239 273.591
1228 3.06875 4.15949 277.751
1229 3.07125 4.16914 281.92
1230 3.07375 4.19742 286.117
1231 3.07625 4.20013 290.317
1232 3.07875 4.2309 294.548
1233 3.08125 4.25039 298.799
1234 3.08375 4.26176 303.06
1235 3.08625 4.2763 307.337
1236 3.08875 4.32503 311.662
1237 3.09125 4.34021 316.002
1238 3.09375 4.37222 320.374
1239 3.09625 4.38667 324.761
1240 3.09875 4.41315 329.174
1241 3.10125 4.43581 333.61
1242 3.10375 4.44119 338.051
1243 3.10625 4.48047 342.531
1244 3.10875 4.49992 347.031
1245 3.11125 4.55117 351.582
1246 3.11375 4.571 356.153
1247 3.11625 4.5967 360.75
1248 3.11875 4.61207 365.362
1249 3.12125 4.65182 370.014
1250 3.12375 4.65524 374.669
1251 3.12625 4.69455 379.364
1252 3.12875 4.70396 384.068
1253 3.13125 4.71037 388.778
1254 3.13375 4.70777 393.486
1255 3.13625 4.73258 398.219
1256 3.13875 4.71413 402.933
1257 3.14125 4.71684 407.649
1258 3.14375 4.71669 412.366
1259 3.14625 4.72871 417.095
1260 3.14875 4.74894 421.844
1261 3.15125 4.72965 426.573
1262 3.15375 4.74614 431.32
1263 3.15625 4.76999 436.09
1264 3.15875 4.76625 440.856
1265 3.16125 4.79251 445.648
1266 3.16375 4.78367 450.432
1267 3.16625 4.78433 455.216
1268 3.16875 4.81614 460.032
1269 3.17125 4.83594 464.868
1270 3.17375 4.84039 469.709
1271 3.17625 4.84668 474.556
1272 3.17875 4.86123 479.417
1273 3.18125 4.86419 484.281
1274 3.18375 4.85107 489.132
1275 3.18625 4.86037 493.992
1276 3.18875 4.88113 498.873
1277 3.19125 4.92512 503.799
1278 3.19375 4.94279 508.741
1279 3.19625 4.94502 513.686
1280 3.19875 4.92851 518.615
1281 3.20125 4.90741 523.522
1282 3.20375 4.91186 528.434
1283 3.20625 4.9201 533.354
1284 3.20875 4.91425 538.269
1285 3.21125 4.89892 543.167
1286 3.21375 4.90914 548.077
1287 3.21625 4.88384 552.96
1288 3.21875 4.89966 557.86
1289 3.22125 4.90382 562.764
1290 3.22375 4.90264 567.667
1291 3.22625 4.90182 572.568
1292 3.22875 4.89575 577.464
1293 3.23125 4.88727 582.351
1294 3.23375 4.89041 587.242
1295 3.23625 4.89029 592.132
1296 3.23875 4.89448 597.027
1297 3.24125 4.90565 601.932
1298 3.24375 4.92757 606.86
1299 3.24625 4.94522 611.805
1300 3.24875 4.95417 616.759
1301 3.25125 4.96915 621.728
1302 3.25375 4.9564 626.685
1303 3.25625 4.94266 631.627
1304 3.25875 4.94132 636.569
1305 3.26125 4.95011 641.519
1306 3.26375 4.94968 646.469
1307 3.26625 4.95129 651.42
1308 3.26875 4.9235 656.343
1309 3.27125 4.9173 661.261
1310 3.27375 4.9333 666.194
1311 3.27625 4.92727 671.121
1312 3.27875 4.93246 676.054
1313 3.28125 4.92466 680.978
1314 3.28375 4.91079 685.889
1315 3.28625 4.89202 690.781
1316 3.28875 4.85797 695.639
1317 3.29125 4.85093 700.49
1318 3.29375 4.84878 705.339
1319 3.29625 4.85804 710.197
1320 3.29875 4.86075 715.058
1321 3.30125 4.86337 719.921
1322 3.30375 4.84007 724.761
1323 3.30625 4.8341 729.595
1324 3.30875 4.82785 734.423
1325 3.31125 4.82951 739.252
1326 3.31375 4.83202 744.085
1327 3.31625 4.82201 748.907
1328 3.31875 4.81067 753.717
1329 3.32125 4.81304 758.53
1330 3.32375 4.81416 763.344
1331 3.32625 4.81619 768.161
1332 3.32875 4.81677 772.977
1333 3.33125 4.81106 777.788
1334 3.33375 4.79608 782.584
1335 3.33625 4.79866 787.383
1336 3.33875 4.79766 792.181
1337 3.34125 4.80016 796.981
1338 3.34375 4.79887 801.78
1339 3.34625 4.80369 806.584
1340 3.34875 4.77297 811.356
1341 3.35125 4.7591 816.116
1342 3.35375 4.75926 820.875
1343 3.35625 4.7694 825.644
1344 3.35875 4.75782 830.402
1345 3.36125 4.7705 835.173
1346 3.36375 4.76903 839.942
1347 3.36625 4.76424 844.706
1348 3.36875 4.75358 849.459
1349 3.37125 4.74536 854.205
1350 3.37375 4.73372 858.938
1351 3.37625 4.73171 863.67
1352 3.37875 4.71941 868.39
1353 3.38125 4.71193 873.102
1354 3.38375 4.71897 877.821
1355 3.38625 4.70834 882.529
1356 3.38875 4.69323 887.222
1357 3.39125 4.67868 891.901
1358 3.39375 4.6638 896.565
1359 3.39625 4.67031 901.235
1360 3.39875 4.6745 905.909
1361 3.40125 4.65294 910.562
1362 3.40375 4.63876 915.201
1363 3.40625 4.63404 919.835
1364 3.40875 4.61313 924.448
1365 3.41125 4.61101 929.059
1366 3.41375 4.61102 933.67
1367 3.41625 4.61312 938.283
1368 3.41875 4.59087 942.874
1369 3.42125 4.58325 947.458
1370 3.42375 4.55121 952.009
1371 3.42625 4.52437 956.533
1372 3.42875 4.52383 961.057
1373 3.43125 4.51524 965.572
1374 3.43375 4.50016 970.072
1375 3.43625 4.48261 974.555
1376 3.43875 4.46264 979.018
1377 3.44125 4.45814 983.476
1378 3.44375 4.43144 987.907
1379 3.44625 4.4312 992.338
1380 3.44875 4.40567 996.744
1381 3.45125 4.39808 1001.14
1382 3.45375 4.35548 1005.5
1383 3.45625 4.36711 1009.86
1384 3.45875 4.3553 1014.22
1385 3.46125 4.34731 1018.57
1386 3.46375 4.34886 1022.92
1387 3.46625 4.33474 1027.25
1388 3.46875 4.33853 1031.59
1389 3.47125 4.3364 1035.93
1390 3.47375 4.33476 1040.26
1391 3.47625 4.28993 1044.55
1392 3.47875 4.27847 1048.83
1393 3.48125 4.26545 1053.09
1394 3.48375 4.25654 1057.35
1395 3.48625 4.25282 1061.6
1396 3.48875 4.24607 1065.85
1397 3.49125 4.2498 1070.1
1398 3.49375 4.25898 1074.36
1399 3.49625 4.26154 1078.62
1400 3.49875 4.23483 1082.86
1401 3.50125 4.23366 1087.09
1402 3.50375 4.23321 1091.32
1403 3.50625 4.23699 1095.56
1404 3.50875 4.23532 1099.79
1405 3.51125 4.20105 1104
1406 3.51375 4.20969 1108.2
1407 3.51625 4.22061 1112.43
1408 3.51875 4.18189 1116.61
1409 3.52125 4.16988 1120.78
1410 3.52375 4.16106 1124.94
1411 3.52625 4.12454 1129.06
1412 3.52875 4.1048 1133.17
1413 3.53125 4.10537 1137.27
1414 3.53375 4.10967 1141.38
1415 3.53625 4.0976 1145.48
1416 3.53875 4.08918 1149.57
1417 3.54125 4.07108 1153.64
1418 3.54375 4.06997 1157.71
1419 3.54625 4.07067 1161.78
1420 3.54875 4.07545 1165.86
1421 3.55125 4.07163 1169.93
1422 3.55375 4.03634 1173.96
1423 3.55625 4.03643 1178
1424 3.55875 4.03881 1182.04
1425 3.56125 4.03476 1186.07
1426 3.56375 4.02307 1190.1
1427 3.56625 4.00818 1194.11
1428 3.56875 3.99626 1198.1
1429 3.57125 3.9613 1202.06
1430 3.57375 3.96377 1206.03
1431 3.57625 3.95002 1209.98
1432 3.57875 3.94807 1213.93
1433 3.58125 3.91463 1217.84
1434 3.58375 3.90647 1221.75
1435 3.58625 3.89379 1225.64
1436 3.58875 3.87186 1229.51
1437 3.59125 3.86796 1233.38
1438 3.59375 3.87053 1237.25
1439 3.59625 3.86613 1241.12
1440 3.59875 3.85965 1244.98
1441 3.60125 3.84275 1248.82
1442 3.60375 3.82946 1252.65
1443 3.60625 3.82367 1256.47
1444 3.60875 3.81367 1260.29
1445 3.61125 3.80837 1264.09
1446 3.61375 3.80553 1267.9
1447 3.61625 3.79645 1271.7
1448 3.61875 3.77886 1275.48
1449 3.62125 3.79027 1279.27
1450 3.62375 3.78925 1283.05
1451 3.62625 3.79571 1286.85
1452 3.62875 3.7909 1290.64
1453 3.63125 3.78811 1294.43
1454 3.63375 3.78344 1298.21
1455 3.63625 3.77397 1301.99
1456 3.63875 3.76687 1305.75
1457 3.64125 3.74834 1309.5
1458 3.64375 3.72774 1313.23
1459 3.64625 3.69195 1316.92
1460 3.64875 3.67797 1320.6
1461 3.65125 3.67876 1324.28
1462 3.65375 3.67369 1327.95
1463 3.65625 3.67268 1331.62
1464 3.65875 3.66062 1335.29
1465 3.66125 3.66185 1338.95
1466 3.66375 3.64458 1342.59
1467 3.66625 3.63997 1346.23
1468 3.66875 3.63658 1349.87
1469 3.67125 3.62593 1353.49
1470 3.67375 3.60868 1357.1
1471 3.67625 3.58368 1360.69
1472 3.67875 3.5719 1364.26
1473 3.68125 3.5699 1367.83
1474 3.68375 3.54767 1371.38
1475 3.68625 3.53412 1374.91
1476 3.68875 3.5389 1378.45
1477 3.69125 3.51202 1381.96
1478 3.69375 3.49073 1385.45
1479 3.69625 3.49073 1388.94
1480 3.69875 3.48698 1392.43
1481 3.70125 3.48126 1395.91
1482 3.70375 3.47772 1399.39
1483 3.70625 3.45787 1402.85
1484 3.70875 3.43466 1406.28
1485 3.71125 3.44086 1409.72
1486 3.71375 3.42448 1413.15
1487 3.71625 3.4253 1416.57
1488 3.71875 3.41022 1419.98
1489 3.72125 3.40882 1423.39
1490 3.72375 3.39466 1426.79
1491 3.72625 3.38112 1430.17
1492 3.72875 3.37618 1433.54
1493 3.73125 3.36267 1436.91
1494 3.73375 3.35994 1440.27
1495 3.73625 3.34667 1443.61
1496 3.73875 3.342 1446.95
1497 3.74125 3.32485 1450.28
1498 3.74375 3.31686 1453.6
1499 3.74625 3.31869 1456.91
1500 3.74875 3.32236 1460.24
1501 3.75125 3.2953 1463.53
1502 3.75375 3.28655 1466.82
1503 3.75625 3.27923 1470.1
1504 3.75875 3.27029 1473.37
1505 3.76125 3.25549 1476.62
1506 3.76375 3.24468 1479.87
1507 3.76625 3.21951 1483.09
1508 3.76875 3.20809 1486.3
1509 3.77125 3.18702 1489.48
1510 3.77375 3.17868 1492.66
1511 3.77625 3.1633 1495.82
1512 3.77875 3.1643 1498.99
1513 3.78125 3.15153 1502.14
1514 3.78375 3.13915 1505.28
1515 3.78625 3.13467 1508.41
1516 3.78875 3.12508 1511.54
1517 3.79125 3.10449 1514.64
1518 3.79375 3.09273 1517.74
1519 3.79625 3.07744 1520.81
1520 3.79875 3.06291 1523.88
1521 3.80125 3.05228 1526.93
1522 3.80375 3.049 1529.98
1523 3.80625 3.03991 1533.02
1524 3.80875 3.02769 1536.05
1525 3.81125 3.02663 1539.07
1526 3.81375 3.02454 1542.1
1527 3.81625 3.04103 1545.14
1528 3.81875 3.02952 1548.17
1529 3.82125 3.02045 1551.19
1530 3.82375 3.01281 1554.2
1531 3.82625 3.00885 1557.21
1532 3.82875 3.00885 1560.22
1533 3.83125 3.00885 1563.23
1534 3.83375 2.99244 1566.22
1535 3.83625 2.96699 1569.19
1536 3.83875 2.9713 1572.16
1537 3.84125 2.967 1575.13
1538 3.84375 2.96491 1578.09
1539 3.84625 2.9497 1581.04
1540 3.84875 2.95033 1583.99
1541 3.85125 2.93736 1586.93
1542 3.85375 2.93351 1589.86
1543 3.85625 2.93351 1592.79
1544 3.85875 2.93322 1595.73
1545 3.86125 2.91514 1598.64
1546 3.86375 2.91661 1601.56
1547 3.86625 2.90956 1604.47
1548 3.86875 2.90892 1607.38
1549 3.87125 2.91366 1610.29
1550 3.87375 2.9057 1613.2
1551 3.87625 2.89652 1616.09
1552 3.87875 2.89367 1618.99
1553 3.88125 2.88179 1621.87
1554 3.88375 2.86943 1624.74
1555 3.88625 2.86857 1627.61
1556 3.88875 2.8719 1630.48
1557 3.89125 2.86763 1633.35
1558 3.89375 2.84157 1636.19
1559 3.89625 2.83829 1639.03
1560 3.89875 2.8417 1641.87
1561 3.90125 2.84065 1644.71
1562 3.90375 2.82837 1647.54
1563 3.90625 2.82891 1650.37
1564 3.90875 2.82543 1653.19
1565 3.91125 2.82546 1656.02
1566 3.91375 2.83561 1658.85
1567 3.91625 2.84315 1661.7
1568 3.91875 2.84175 1664.54
1569 3.92125 2.82608 1667.36
1570 3.92375 2.81443 1670.18
1571 3.92625 2.79826 1672.98
1572 3.92875 2.79136 1675.77
1573 3.93125 2.79185 1678.56
1574 3.93375 2.78599 1681.35
1575 3.93625 2.7865 1684.13
1576 3.93875 2.78109 1686.91
1577 3.94125 2.7801 1689.69
1578 3.94375 2.78382 1692.48
1579 3.94625 2.79062 1695.27
1580 3.94875 2.77735 1698.05
1581 3.95125 2.77196 1700.82
1582 3.95375 2.77196 1703.59
1583 3.95625 2.77191 1706.36
1584 3.95875 2.77405 1709.14
1585 3.96125 2.78533 1711.92
1586 3.96375 2.77926 1714.7
1587 3.96625 2.76256 1717.46
1588 3.96875 2.754 1720.22
1589 3.97125 2.7291 1722.95
1590 3.97375 2.7291 1725.67
1591 3.97625 2.72566 1728.4
1592 3.97875 2.7278 1731.13
1593 3.98125 2.73264 1733.86
1594 3.98375 2.73264 1736.59
1595 3.98625 2.72663 1739.32
1596 3.98875 2.73367 1742.05
1597 3.99125 2.73022 1744.78
1598 3.99375 2.73061 1747.51
1599 3.99625 2.72677 1750.24
1600 3.99875 2.72294 1752.96
1601 4.00125 2.72114 1755.69
1602 4.00375 2.72364 1758.41
1603 4.00625 2.72331 1761.13
1604 4.00875 2.7033 1763.84
1605 4.01125 2.70128 1766.54
1606 4.01375 2.70218 1769.24
1607 4.01625 2.70218 1771.94
1608 4.01875 2.70218 1774.64
1609 4.02125 2.69244 1777.34
1610 4.02375 2.69122 1780.03
1611 4.02625 2.68865 1782.72
1612 4.02875 2.68206 1785.4
1613 4.03125 2.68206 1788.08
1614 4.03375 2.70074 1790.78
1615 4.03625 2.71349 1793.49
1616 4.03875 2.73003 1796.22
1617 4.04125 2.74126 1798.97
1618 4.04375 2.7326 1801.7
1619 4.04625 2.72706 1804.43
1620 4.04875 2.72811 1807.15
1621 4.05125 2.7203 1809.87
1622 4.05375 2.71674 1812.59
1623 4.05625 2.70935 1815.3
1624 4.05875 2.71278 1818.01
1625 4.06125 2.71051 1820.72
1626 4.06375 2.69272 1823.42
1627 4.06625 2.69526 1826.11
1628 4.06875 2.6949 1828.81
1629 4.07125 2.69905 1831.5
1630 4.07375 2.69107 1834.2
1631 4.07625 2.6888 1836.88
1632 4.07875 2.70487 1839.59
1633 4.08125 2.69755 1842.29
1634 4.08375 2.69913 1844.99
1635 4.08625 2.69878 1847.68
1636 4.08875 2.70291 1850.39
1637 4.09125 2.70084 1853.09
1638 4.09375 2.69176 1855.78
1639 4.09625 2.68199 1858.46
1640 4.09875 2.66884 1861.13
1641 4.10125 2.6676 1863.8
1642 4.10375 2.66273 1866.46
1643 4.10625 2.66457 1869.13
1644 4.10875 2.66694 1871.79
1645 4.11125 2.68077 1874.47
1646 4.11375 2.67478 1877.15
1647 4.11625 2.6704 1879.82
1648 4.11875 2.67004 1882.49
1649 4.12125 2.66741 1885.16
1650 4.12375 2.6532 1887.81
1651 4.12625 2.62536 1890.44
1652 4.12875 2.62288 1893.06
1653 4.13125 2.62493 1895.68
1654 4.13375 2.6226 1898.31
1655 4.13625 2.60401 1900.91
1656 4.13875 2.60401 1903.51
1657 4.14125 2.60998 1906.12
1658 4.14375 2.59852 1908.72
1659 4.14625 2.59828 1911.32
1660 4.14875 2.59408 1913.91
1661 4.15125 2.59082 1916.51
1662 4.15375 2.59298 1919.1
1663 4.15625 2.59459 1921.69
1664 4.15875 2.5855 1924.28
1665 4.16125 2.58018 1926.86
1666 4.16375 2.57154 1929.43
1667 4.16625 2.5786 1932.01
1668 4.16875 2.57917 1934.59
1669 4.17125 2.5731 1937.16
1670 4.17375 2.57344 1939.73
1671 4.17625 2.57035 1942.3
1672 4.17875 2.57177 1944.88
1673 4.18125 2.57159 1947.45
1674 4.18375 2.56993 1950.02
1675 4.18625 2.56995 1952.59
1676 4.18875 2.55515 1955.14
1677 4.19125 2.55515 1957.7
1678 4.19375 2.55772 1960.26
1679 4.19625 2.55591 1962.81
1680 4.19875 2.56137 1965.37
1681 4.20125 2.55625 1967.93
1682 4.20375 2.55417 1970.48
1683 4.20625 2.55696 1973.04
1684 4.20875 2.55479 1975.6
1685 4.21125 2.56201 1978.16
1686 4.21375 2.56421 1980.72
1687 4.21625 2.56764 1983.29
1688 4.21875 2.56215 1985.85
1689 4.22125 2.57065 1988.42
1690 4.22375 2.57177 1990.99
1691 4.22625 2.56801 1993.56
1692 4.22875 2.55834 1996.12
1693 4.23125 2.55951 1998.68
1694 4.23375 2.56315 2001.24
1695 4.23625 2.55877 2003.8
1696 4.23875 2.55449 2006.36
1697 4.24125 2.54492 2008.9
1698 4.24375 2.54261 2011.44
1699 4.24625 2.54168 2013.99
1700 4.24875 2.53218 2016.52
1701 4.25125 2.52391 2019.04
1702 4.25375 2.51334 2021.55
1703 4.25625 2.50351 2024.06
1704 4.25875 2.50124 2026.56
1705 4.26125 2.50997 2029.07
1706 4.26375 2.50826 2031.58
1707 4.26625 2.50648 2034.08
1708 4.26875 2.50157 2036.59
1709 4.27125 2.4861 2039.07
1710 4.27375 2.48478 2041.56
1711 4.27625 2.46612 2044.02
1712 4.27875 2.45465 2046.48
1713 4.28125 2.44536 2048.92
1714 4.28375 2.43523 2051.36
1715 4.28625 2.42756 2053.79
1716 4.28875 2.42519 2056.21
1717 4.29125 2.42978 2058.64
1718 4.29375 2.42665 2061.07
1719 4.29625 2.41035 2063.48
1720 4.29875 2.41145 2065.89
1721 4.30125 2.39634 2068.29
1722 4.30375 2.40327 2070.69
1723 4.30625 2.40145 2073.09
1724 4.30875 2.41175 2075.5
1725 4.31125 2.40996 2077.91
1726 4.31375 2.40769 2080.32
1727 4.31625 2.4115 2082.73
1728 4.31875 2.42228 2085.15
1729 4.32125 2.41167 2087.56
1730 4.32375 2.40647 2089.97
1731 4.32625 2.39754 2092.37
1732 4.32875 2.3956 2094.76
1733 4.33125 2.39833 2097.16
1734 4.33375 2.40039 2099.56
1735 4.33625 2.40109 2101.96
1736 4.33875 2.39588 2104.36
1737 4.34125 2.39209 2106.75
1738 4.34375 2.38706 2109.14
1739 4.34625 2.38743 2111.53
1740 4.34875 2.39179 2113.92
1741 4.35125 2.39179 2116.31
1742 4.35375 2.39179 2118.7
1743 4.35625 2.40161 2121.1
1744 4.35875 2.40999 2123.51
1745 4.36125 2.40985 2125.92
1746 4.36375 2.40943 2128.33
1747 4.36625 2.40956 2130.74
1748 4.36875 2.40286 2133.15
1749 4.37125 2.40979 2135.56
1750 4.37375 2.40377 2137.96
1751 4.37625 2.39386 2140.35
1752 4.37875 2.39747 2142.75
1753 4.38125 2.37904 2145.13
1754 4.38375 2.37427 2147.5
1755 4.38625 2.37009 2149.87
1756 4.38875 2.35207 2152.23
1757 4.39125 2.35891 2154.58
1758 4.39375 2.36617 2156.95
1759 4.39625 2.36362 2159.31
1760 4.39875 2.36539 2161.68
1761 4.40125 2.36926 2164.05
1762 4.40375 2.3685 2166.42
1763 4.40625 2.37036 2168.79
1764 4.40875 2.37336 2171.16
1765 4.41125 2.38021 2173.54
1766 4.41375 2.38253 2175.92
1767 4.41625 2.38684 2178.31
1768 4.41875 2.38487 2180.7
1769 4.42125 2.38205 2183.08
1770 4.42375 2.37573 2185.45
1771 4.42625 2.37167 2187.83
1772 4.42875 2.37236 2190.2
1773 4.43125 2.37599 2192.57
1774 4.43375 2.37236 2194.95
1775 4.43625 2.37334 2197.32
1776 4.43875 2.36541 2199.68
1777 4.44125 2.35676 2202.04
1778 4.44375 2.36317 2204.4
1779 4.44625 2.3598 2206.76
1780 4.44875 2.36735 2209.13
1781 4.45125 2.36655 2211.5
1782 4.45375 2.36753 2213.87
1783 4.45625 2.369 2216.23
1784 4.45875 2.369 2218.6
1785 4.46125 2.36489 2220.97
1786 4.46375 2.35535 2223.32
1787 4.46625 2.3607 2225.68
1788 4.46875 2.35009 2228.03
1789 4.47125 2.33661 2230.37
1790 4.47375 2.32778 2232.7
1791 4.47625 2.31587 2235.02
1792 4.47875 2.31199 2237.33
1793 4.48125 2.31593 2239.64
1794 4.48375 2.31981 2241.96
1795 4.48625 2.31147 2244.27
1796 4.48875 2.31062 2246.58
1797 4.49125 2.30003 2248.89
1798 4.49375 2.30423 2251.19
1799 4.49625 2.30273 2253.49
1800 4.49875 2.29157 2255.78
1801 4.50125 2.29649 2258.08
1802 4.50375 2.29712 2260.38
1803 4.50625 2.29455 2262.67
1804 4.50875 2.29153 2264.96
1805 4.51125 2.28576 2267.25
1806 4.51375 2.29072 2269.54
1807 4.51625 2.29786 2271.84
1808 4.51875 2.2882 2274.13
1809 4.52125 2.27655 2276.4
1810 4.52375 2.26955 2278.67
1811 4.52625 2.26265 2280.93
1812 4.52875 2.25943 2283.19
1813 4.53125 2.2601 2285.45
1814 4.53375 2.25772 2287.71
1815 4.53625 2.24972 2289.96
1816 4.53875 2.24339 2292.2
1817 4.54125 2.24564 2294.45
1818 4.54375 2.25192 2296.7
1819 4.54625 2.25385 2298.96
1820 4.54875 2.25506 2301.21
1821 4.55125 2.25389 2303.47
1822 4.55375 2.26471 2305.73
1823 4.55625 2.25874 2307.99
1824 4.55875 2.25731 2310.25
1825 4.56125 2.25858 2312.5
1826 4.56375 2.24974 2314.75
1827 4.56625 2.25852 2317.01
1828 4.56875 2.2658 2319.28
1829 4.57125 2.26434 2321.54
1830 4.57375 2.2668 2323.81
1831 4.57625 2.26055 2326.07
1832 4.57875 2.26382 2328.33
1833 4.58125 2.2551 2330.59
1834 4.58375 2.26045 2332.85
1835 4.58625 2.25324 2335.1
1836 4.58875 2.24638 2337.35
1837 4.59125 2.24296 2339.59
1838 4.59375 2.23514 2341.83
1839 4.59625 2.23352 2344.06
1840 4.59875 2.24012 2346.3
1841 4.60125 2.23298 2348.53
1842 4.60375 2.23106 2350.77
1843 4.60625 2.22869 2352.99
1844 4.60875 2.23128 2355.23
1845 4.61125 2.22853 2357.45
1846 4.61375 2.22762 2359.68
1847 4.61625 2.23747 2361.92
1848 4.61875 2.24058 2364.16
1849 4.62125 2.23536 2366.39
1850 4.62375 2.23232 2368.63
1851 4.62625 2.23182 2370.86
1852 4.62875 2.22986 2373.09
1853 4.63125 2.23181 2375.32
1854 4.63375 2.22506 2377.55
1855 4.63625 2.22603 2379.77
1856 4.63875 2.22113 2381.99
1857 4.64125 2.21716 2384.21
1858 4.64375 2.21343 2386.42
1859 4.64625 2.21205 2388.64
1860 4.64875 2.20907 2390.84
1861 4.65125 2.23037 2393.07
1862 4.65375 2.23493 2395.31
1863 4.65625 2.21239 2397.52
1864 4.65875 2.21677 2399.74
1865 4.66125 2.20992 2401.95
1866 4.66375 2.21055 2404.16
1867 4.66625 2.21282 2406.37
1868 4.66875 2.22212 2408.59
1869 4.67125 2.22823 2410.82
1870 4.67375 2.21967 2413.04
1871 4.67625 2.2248 2415.27
1872 4.67875 2.21291 2417.48
1873 4.68125 2.21181 2419.69
1874 4.68375 2.21148 2421.9
1875 4.68625 2.20796 2424.11
1876 4.68875 2.20898 2426.32
1877 4.69125 2.20657 2428.53
1878 4.69375 2.20545 2430.73
1879 4.69625 2.21021 2432.94
1880 4.69875 2.21309 2435.16
1881 4.70125 2.21118 2437.37
1882 4.70375 2.20146 2439.57
1883 4.70625 2.20208 2441.77
1884 4.70875 2.19727 2443.97
1885 4.71125 2.19355 2446.16
1886 4.71375 2.20978 2448.37
1887 4.71625 2.21755 2450.59
1888 4.71875 2.21403 2452.8
1889 4.72125 2.22307 2455.03
1890 4.72375 2.22226 2457.25
1891 4.72625 2.21795 2459.47
1892 4.72875 2.21983 2461.69
1893 4.73125 2.21703 2463.9
1894 4.73375 2.21569 2466.12
1895 4.73625 2.21194 2468.33
1896 4.73875 2.20643 2470.54
1897 4.74125 2.20643 2472.74
1898 4.74375 2.20682 2474.95
1899 4.74625 2.19649 2477.15
1900 4.74875 2.20481 2479.35
1901 4.75125 2.18746 2481.54
1902 4.75375 2.19282 2483.73
1903 4.75625 2.19614 2485.93
1904 4.75875 2.19138 2488.12
1905 4.76125 2.19093 2490.31
1906 4.76375 2.18941 2492.5
1907 4.76625 2.18665 2494.69
1908 4.76875 2.18844 2496.87
1909 4.77125 2.20358 2499.08
1910 4.77375 2.20377 2501.28
1911 4.77625 2.20356 2503.49
1912 4.77875 2.20308 2505.69
1913 4.78125 2.20035 2507.89
1914 4.78375 2.21255 2510.1
1915 4.78625 2.21698 2512.32
1916 4.78875 2.21712 2514.54
1917 4.79125 2.21494 2516.75
1918 4.79375 2.21199 2518.96
1919 4.79625 2.21576 2521.18
1920 4.79875 2.22265 2523.4
1921 4.80125 2.22493 2525.63
1922 4.80375 2.22497 2527.85
1923 4.80625 2.24289 2530.09
1924 4.80875 2.24048 2532.33
1925 4.81125 2.24575 2534.58
1926 4.81375 2.24952 2536.83
1927 4.81625 2.24534 2539.07
1928 4.81875 2.24367 2541.32
1929 4.82125 2.24349 2543.56
1930 4.82375 2.24096 2545.8
1931 4.82625 2.24074 2548.04
1932 4.82875 2.23519 2550.28
1933 4.83125 2.22922 2552.51
1934 4.83375 2.2385 2554.75
1935 4.83625 2.24211 2556.99
1936 4.83875 2.23731 2559.23
1937 4.84125 2.2449 2561.47
1938 4.84375 2.24954 2563.72
1939 4.84625 2.24893 2565.97
1940 4.84875 2.24725 2568.22
1941 4.85125 2.24355 2570.46
1942 4.85375 2.23925 2572.7
1943 4.85625 2.2354 2574.93
1944 4.85875 2.24072 2577.18
1945 4.86125 2.25205 2579.43
1946 4.86375 2.25453 2581.68
1947 4.86625 2.24758 2583.93
1948 4.86875 2.25226 2586.18
1949 4.87125 2.25471 2588.44
1950 4.87375 2.25488 2590.69
1951 4.87625 2.25174 2592.94
1952 4.87875 2.25645 2595.2
1953 4.88125 2.25341 2597.45
1954 4.88375 2.24926 2599.7
1955 4.88625 2.24305 2601.95
1956 4.88875 2.24266 2604.19
1957 4.89125 2.24422 2606.43
1958 4.89375 2.24305 2608.68
1959 4.89625 2.25414 2610.93
1960 4.89875 2.25798 2613.19
1961 4.90125 2.25693 2615.44
1962 4.90375 2.24649 2617.69
1963 4.90625 2.25231 2619.94
1964 4.90875 2.24876 2622.19
1965 4.91125 2.25618 2624.45
1966 4.91375 2.25606 2626.7
1967 4.91625 2.24836 2628.95
1968 4.91875 2.24279 2631.2
1969 4.92125 2.25043 2633.45
1970 4.92375 2.24631 2635.69
1971 4.92625 2.26105 2637.95
1972 4.92875 2.2646 2640.22
1973 4.93125 2.2759 2642.49
1974 4.93375 2.27478 2644.77
1975 4.93625 2.27228 2647.04
1976 4.93875 2.27739 2649.32
1977 4.94125 2.27739 2651.6
1978 4.94375 2.28439 2653.88
1979 4.94625 2.28773 2656.17
1980 4.94875 2.29355 2658.46
1981 4.95125 2.29687 2660.76
1982 4.95375 2.30296 2663.06
1983 4.95625 2.30693 2665.37
1984 4.95875 2.30321 2667.67
1985 4.96125 2.31373 2669.98
1986 4.96375 2.30462 2672.29
1987 4.96625 2.30106 2674.59
1988 4.96875 2.29832 2676.89
1989 4.97125 2.31525 2679.2
1990 4.97375 2.31122 2681.52
1991 4.97625 2.31814 2683.83
1992 4.97875 2.31311 2686.15
1993 4.98125 2.31542 2688.46
1994 4.98375 2.32341 2690.79
1995 4.98625 2.32381 2693.11
1996 4.98875 2.32005 2695.43
1997 4.99125 2.31811 2697.75
1998 4.99375 2.31805 2700.07
1999 4.99625 2.30299 2702.37
2000 4.99875 2.31285 2704.68
